Wavelength Trans 
nm % 
480 63,9485391602759 
480,2 64,1389060676174 
480,4 63,7343237581294 
480,6 63,9217016434722 
480,8 63,9887593502732 
481 63,4193394315993 
481,2 63,3073859431304 
481,4 63,471392713753 
481,6 63,75064026438 
481,8 63,6277469203956 
482 63,3162645978054 
482,2 63,2325027745262 
482,4 63,0234387333937 
482,6 62,6252882886436 
482,8 62,8181259561075 
483 62,4584227590046 
483,2 62,1054852877221 
483,4 62,3699516789491 
483,6 62,5198318264715 
483,8 62,4964050047116 
484 62,1831395921546 
484,2 62,3538848799595 
484,4 62,0263086838566 
484,6 61,9173014946956 
484,8 61,7533928564269 
485 61,6295388963544 
485,2 61,3912589122016 
485,4 61,1648683868268 
485,6 61,6681802791709 
485,8 61,2592955996058 
486 60,6507985631174 
486,2 60,5839295217297 
486,4 60,2433412113322 
486,6 60,8636921851509 
486,8 60,8652796595619 
487 60,6637682039151 
487,2 60,2686953217744 
487,4 60,2326519237916 
487,6 60,376366970333 
487,8 60,195798743978 
488 60,2143860391875 
488,2 59,6768886273165 
488,4 59,9450826225397 
488,6 59,9516840650083 
488,8 59,8152437844078 
488,999999999999 59,560167235448 
489,199999999999 59,4108597511575 
489,399999999999 59,6524910879629 
489,599999999999 60,2063141487377 
489,799999999999 59,2397779328806 
489,999999999999 58,7524953269538 
490,199999999999 59,0585149404545 
490,399999999999 59,2217895811763 
490,599999999999 58,9388884044656 
490,799999999999 58,3932174469453 
490,999999999999 58,6275302697357 
491,199999999999 58,691618455074 
491,399999999999 58,240884849646 
491,599999999999 58,4317133718927 
491,799999999999 58,3932024824351 
491,999999999999 58,1816735825127 
492,199999999999 58,3692693544544 
492,399999999999 57,9386379214299 
492,599999999999 57,8187667954248 
492,799999999999 58,138709074852 
492,999999999999 58,0288055130872 
493,199999999999 57,5307885310377 
493,399999999999 57,7195165097663 
493,599999999999 57,9102098707563 
493,799999999999 57,8731280836685 
493,999999999999 57,5891218201922 
494,199999999999 56,9841462058215 
494,399999999999 56,7328955401253 
494,599999999999 57,301399004961 
494,799999999999 56,8881317889052 
494,999999999999 56,9152666360841 
495,199999999999 57,0885784057127 
495,399999999999 56,7915697963037 
495,599999999999 56,5680516083265 
495,799999999999 56,5993924919516 
495,999999999999 56,2224717555113 
496,199999999999 56,206879494337 
496,399999999999 56,3601160374855 
496,599999999999 56,5291012909856 
496,799999999999 56,2204637207272 
496,999999999999 56,1217208818031 
497,199999999999 56,7129799189159 
497,399999999999 56,5313658761177 
497,599999999999 55,6572284932346 
497,799999999999 55,8676358478919 
497,999999999999 55,7661125770662 
498,199999999999 55,5697471049015 
498,399999999999 55,3192842819887 
498,599999999999 55,2200195040417 
498,799999999999 55,6650487341428 
498,999999999999 54,7199425762642 
499,199999999999 54,8465194464295 
499,399999999999 55,0453004321213 
499,599999999999 54,9363296686703 
499,799999999999 54,7678788324934 
499,999999999999 54,799756617244 
500,199999999999 54,76162470856 
500,399999999999 55,057564875153 
500,599999999999 54,551371590702 
500,799999999999 54,602160986637 
500,999999999999 54,6612097992502 
501,199999999999 54,400413797576 
501,399999999999 54,5344941522079 
501,599999999999 54,508866185535 
501,799999999999 54,2915140627992 
501,999999999999 54,2061288198547 
502,199999999999 54,0449104906707 
502,399999999999 53,5356136182839 
502,599999999999 53,7356376178251 
502,799999999999 53,5723021246464 
502,999999999999 53,5911806438691 
503,199999999999 53,936942897118 
503,399999999999 53,5473285909534 
503,599999999999 54,1994971137232 
503,799999999999 53,0508041204661 
503,999999999999 52,9566416107507 
504,199999999999 53,6334699340988 
504,399999999999 53,3956392904634 
504,599999999999 53,6586096934026 
504,799999999999 53,0881617737025 
504,999999999999 52,7686440398137 
505,199999999999 53,0313008871135 
505,399999999999 52,9428535639945 
505,599999999999 52,4548895669422 
505,799999999999 52,7257818375886 
505,999999999999 52,9082904735059 
506,199999999999 52,7072852284881 
506,399999999998 52,4465594197468 
506,599999999998 52,8920849831515 
506,799999999998 52,8564153168925 
506,999999999998 51,9112225950393 
507,199999999998 51,831117069679 
507,399999999998 52,7712415188071 
507,599999999998 52,4953333543583 
507,799999999998 51,5901829791082 
507,999999999998 51,9889837760035 
508,199999999998 52,5885031113318 
508,399999999998 52,2348266878903 
508,599999999998 51,0487384545449 
508,799999999998 51,3827350081543 
508,999999999998 52,3177152173622 
509,199999999998 52,6119667222678 
509,399999999998 51,3813766930882 
509,599999999998 50,8718890109334 
509,799999999998 51,7349779672869 
509,999999999998 52,4341848364304 
510,199999999998 51,9287431945446 
510,399999999998 50,3142673783137 
510,599999999998 50,366980512641 
510,799999999998 51,9305370974572 
510,999999999998 52,5324522291676 
511,199999999998 51,4560906126429 
511,399999999998 50,2610264552666 
511,599999999998 51,2031874099999 
511,799999999998 52,1133505785285 
511,999999999998 52,38447984846 
512,199999999998 51,3453640705527 
512,399999999998 49,6691251987579 
512,599999999998 50,4250210997184 
512,799999999998 51,6522230794788 
512,999999999998 52,6179578113836 
513,199999999998 52,0279409070478 
513,399999999998 49,1589707941611 
513,599999999999 49,8190502166369 
513,799999999999 50,5703733327478 
513,999999999999 51,9815042063743 
514,199999999999 52,3047952239107 
514,399999999999 50,3968343515053 
514,599999999999 49,0936541880561 
514,799999999999 50,3250946122968 
514,999999999999 50,9320298305098 
515,199999999999 52,0959974350316 
515,399999999999 52,4719054781977 
515,599999999999 50,5198504446829 
515,799999999999 48,9709721368707 
515,999999999999 50,0731900536124 
516,199999999999 51,2532613565821 
516,399999999999 52,2871977987484 
516,599999999999 52,8307745560261 
516,799999999999 50,8888547731118 
516,999999999999 48,2061087387046 
517,199999999999 49,1398293498563 
517,399999999999 50,452442704162 
517,599999999999 51,7260318033649 
517,8 52,9096529017893 
518 52,2479043260474 
518,2 49,1752817311964 
518,4 48,4324429816025 
518,6 49,8112240578398 
518,8 51,103805330627 
519 51,9631676075676 
519,2 52,5143454006233 
519,4 50,844617179345 
519,6 47,4944515082984 
519,8 48,2486253216734 
520 49,4789753725929 
520,2 50,3367561018723 
520,4 51,9323675835387 
520,6 53,1582299637381 
520,8 51,7009917517099 
521 47,5136950807344 
521,2 47,5668749921162 
521,4 49,6694373847887 
521,6 50,5549738930425 
521,8 51,3321750663939 
522 52,9042063341393 
522,200000000001 52,5126703443385 
522,400000000001 48,1942181839565 
522,600000000001 46,586207391298 
522,800000000001 47,8698399732559 
523,000000000001 49,746383434379 
523,200000000001 51,1088688010716 
523,400000000001 52,6318237345388 
523,600000000001 53,8132934795287 
523,800000000001 51,8505623319706 
524,000000000001 47,1113270842844 
524,200000000001 46,9607260480721 
524,400000000001 48,6509724510236 
524,600000000001 49,7303616131479 
524,800000000001 51,4487395941831 
525,000000000001 52,5843467301675 
525,200000000001 53,9278822949276 
525,400000000001 53,0306081128188 
525,600000000001 47,5516241804213 
525,800000000001 45,9076531707722  35
526,000000000001 47,5581226700397 
526,200000000001 49,3246070203601 
526,400000000001 51,0229297335813 
526,600000000002 52,180813664247 
526,800000000002 53,3765629591332 
527,000000000002 53,8601873744242 
527,200000000002 50,9194736363926 
527,400000000002 45,5933069568157  34
527,600000000002 46,6718533856477 
527,800000000002 48,382181230254 
528,000000000002 50,143695427723 
528,200000000002 51,6462894752063 
528,400000000002 53,4946936697996 
528,600000000002 54,6639132533419 
528,800000000002 54,0616325026541 
529,000000000002 49,3040243585262 
529,200000000002 45,6092152951546  33
529,400000000002 47,4314406635996 
529,600000000002 49,0421312360242 
529,800000000002 50,8509052248965 
530,000000000002 52,7010251621686 
530,200000000002 53,9919530545782 
530,400000000002 55,0367215378957 
530,600000000002 54,6108618258453 
530,800000000002 49,6931012926077 
531,000000000003 45,127499837425   32
531,200000000003 46,9038917128567  
531,400000000003 49,1582754783711 
531,600000000003 51,255471205104 
531,800000000003 52,6365658043638 
532,000000000003 54,3710021564349 
532,200000000003 55,3862258997152 
532,400000000003 56,2643879974084 
532,600000000003 53,3275256482632 
532,800000000003 46,9506106194856 
533,000000000003 46,8547500915535  31
533,200000000003 48,7276067164356 
533,400000000003 50,7394553754279 
533,600000000003 52,4803203694897 
533,800000000003 54,0252924396157 
534,000000000003 54,964536350869 
534,200000000003 56,0152088074039 
534,400000000003 56,5149790735222 
534,600000000003 52,4680063057221 
534,800000000003 46,6405732542317  30
535,000000000003 47,1617453532924 
535,200000000003 48,9602746055005 
535,400000000004 51,4997295713962 
535,600000000004 52,630670862116 
535,800000000004 53,4962894789811 
536,000000000004 54,7428224265916 
536,200000000004 56,383850746216 
536,400000000004 57,3410214632508 
536,600000000004 54,7278095187835 
536,800000000004 48,1474361904733 
537,000000000004 46,3514308074816  29
537,200000000004 48,356546678805 
537,400000000004 50,3287166874948 
537,600000000004 51,6860160589236 
537,800000000004 52,9252336635363 
538,000000000004 54,6537087916754 
538,200000000004 56,5544172046329 
538,400000000004 57,7171046719632 
538,600000000004 57,9816429998059 
538,800000000004 53,1628104134154 
539,000000000004 46,4755911821396  28
539,200000000004 47,4467895303355 
539,400000000004 48,695797032639 
539,600000000004 50,2826257832225 
539,800000000005 52,1342214208188 
540,000000000005 53,6952062538308 
540,200000000005 55,1265159707323 
540,400000000005 56,7276362046387 
540,600000000005 58,5200075725232 
540,800000000005 58,2508241051372 
541,000000000005 52,4151589959789 
541,200000000005 46,2652456210138  27 
541,400000000005 46,5617116418951 
541,600000000005 48,8324872275752 
541,800000000005 51,3542731394599 
542,000000000005 53,3622679186283 
542,200000000005 55,1173546663268 
542,400000000005 56,8861423443853 
542,600000000005 58,3470447983415 
542,800000000005 58,8473677473766 
543,000000000005 58,585440982302 
543,200000000005 54,2554763399958 
543,400000000005 47,6698882608587 
543,600000000005 46,9091507411213  26
543,800000000005 49,2152947412861 
544,000000000005 51,5725959625725 
544,200000000006 53,0444808551933 
544,400000000006 55,0039168083941 
544,600000000006 56,7365147107006 
544,800000000006 57,9951596993475 
545,000000000006 57,9655452924144 
545,200000000006 57,6665724470626 
545,400000000006 58,3277053531587 
545,600000000006 54,5162231189198 
545,800000000006 48,1090786450329  25
546,000000000006 48,2467342509437 
546,200000000006 50,3071957528692 
546,400000000006 52,494844768543 
546,600000000006 54,5458197116306 
546,800000000006 56,1703817698938 
547,000000000006 57,3472708114355 
547,200000000006 57,7943246138229 
547,400000000006 57,3119926629356 
547,600000000006 57,8447209554823 
547,800000000006 58,9965624696062 
548,000000000006 56,6606907040788 
548,200000000006 50,9035391638012 
548,400000000006 49,0714759994213  24
548,600000000007 51,1615823001839 
548,800000000007 53,1035822464654 
549,000000000007 54,8245144601631 
549,200000000007 56,1872861311918 
549,400000000007 57,7091869105269 
549,600000000007 57,7870353196056 
549,800000000007 56,9356539451688 
550,000000000007 57,5982893580391 
550,200000000007 59,0500187142483 
550,400000000007 59,5580193042557 
550,600000000007 55,0965312763004 
550,800000000007 50,4788440604583  23
551,000000000007 52,2580968931233 
551,200000000007 54,1449483683877 
551,400000000007 55,1766245840904 
551,600000000007 56,8039697622432 
551,800000000007 58,1980350546551 
552,000000000007 57,7029433195728 
552,200000000007 56,3806315115614 
552,400000000007 57,3754540061235 
552,600000000007 58,9811084364466 
552,800000000007 60,4960373490809 
553,000000000008 61,1055875472513 
553,200000000008 57,0053219743489 
553,400000000008 52,7705007986989  22
553,600000000008 54,3502258922648 
553,800000000008 55,50464293111 
554,000000000008 56,7513976774858 
554,200000000008 58,9018110534905 
554,400000000008 59,7167670716706 
554,600000000008 57,9040880559472 
554,800000000008 57,2566979245943 
555,000000000008 58,6257540032471 
555,200000000008 59,8507158747148 
555,400000000008 61,1084465052518 
555,600000000008 62,3952737863102 
555,800000000008 61,0017106017632 
556,000000000008 55,7752016688912 
556,200000000008 53,7627266388848  21
556,400000000008 55,6843563617999 
556,600000000008 57,6560771216543 
556,800000000008 59,2703536398431 
557,000000000008 59,9219575760957 
557,200000000008 58,1894117021064 
557,400000000009 56,6929609446098 
557,600000000009 58,2989680890223 
557,800000000009 60,0003249891314 
558,000000000009 61,2541148084704 
558,200000000009 62,0975242259207 
558,400000000009 63,5387295284497 
558,600000000009 60,6983388616049 
558,800000000009 57,524907587457 
559,000000000009 56,5306751157674 20
559,200000000009 58,5024245215128 
559,400000000009 59,9799574639924 
559,600000000009 61,1232456151117 максимум
559,800000000009 59,4451485322189 
560,000000000009 56,4753581890056 22
560,200000000009 57,4864991626569 
560,400000000009 58,9793275000278 
560,600000000009 60,721582558309 
560,800000000009 62,2953413286331 
561,000000000009 63,6215064095543 
561,200000000009 64,7221339021235 
561,400000000009 63,8617445885369 
561,600000000009 60,1683239803653 
561,80000000001 58,4301052644946 
562,00000000001 59,9718455938463 
562,20000000001 61,5092747772987 
562,40000000001 62,2636081371763 
562,60000000001 59,2929197662378 
562,80000000001 56,6329872485688 21
563,00000000001 57,9294014773457 
563,20000000001 59,3923604944945 
563,40000000001 60,7597452531643 
563,60000000001 62,5809643294277 
563,80000000001 64,290759053481 
564,00000000001 65,316157420582 
564,20000000001 66,3640266641577 
564,40000000001 65,7517602106273 
564,60000000001 62,4342739800191 
564,80000000001 61,3418691394967 
565,00000000001 62,4488574372452 
565,20000000001 63,381110615965 
565,40000000001 61,5567426811394 
565,60000000001 57,9431507578155 20
565,80000000001 58,0157525868834 
566,00000000001 59,3917278947579 
566,200000000011 61,1843725237533 
566,400000000011 62,6335483563828 
566,600000000011 63,5268785597341 
566,800000000011 64,8183512826167 
567,000000000011 65,948319394027 
567,200000000011 67,1378931273576 
567,400000000011 67,8646129463347 
567,600000000011 65,7973334810007 
567,800000000011 63,514559318034 
568,000000000011 63,7732458603329 
568,200000000011 63,7102706093106 
568,400000000011 60,6414462856301 
568,600000000011 58,3813208039603 19
568,800000000011 59,5846325758881 
569,000000000011 61,2619486842452 
569,200000000011 63,3945233760694 
569,400000000011 64,1786733931446 
569,600000000011 64,5907349974573 
569,800000000011 65,7275972301084 
570,000000000011 67,1572101041534 
570,200000000011 68,4574252203593 
570,400000000011 68,8911960267588 
570,600000000012 68,1281719850237 
570,800000000012 66,3009438206418 
571,000000000012 65,6244500287147 
571,200000000012 66,088411457691 
571,400000000012 62,8916197591816 
571,600000000012 59,7436027285057 18
571,800000000012 61,0475432045275 
572,000000000012 62,8007648160008 
572,200000000012 63,7294294498515 
572,400000000012 64,1173287711155 
572,600000000012 64,6866189824941 
572,800000000012 65,7941177190546 
573,000000000012 67,3104606754328 
573,200000000012 68,1829232490468 
573,400000000012 69,071447142886 
573,600000000012 70,1792324307345 
573,800000000012 70,74537056799 
574,000000000012 69,4115154261449 
574,200000000012 68,2589140461989 
574,400000000012 67,6356275237486 
574,600000000012 63,6117252535483 
574,800000000012 61,5236368836224 17
575,000000000013 63,2192039627461 
575,200000000013 64,4939401623955 
575,400000000013 64,5624092218681 
575,600000000013 64,680513728771 
575,800000000013 65,8084284687297 
576,000000000013 66,5325446080135 
576,200000000013 67,6726238268602 
576,400000000013 69,0359943676027 
576,600000000013 70,2267170562746 
576,800000000013 71,0662568740055 
577,000000000013 71,3472499679684 
577,200000000013 71,4526195716482 
577,400000000013 70,877202740921 
577,600000000013 69,5621474581204 
577,800000000013 66,3495061053536 
578,000000000013 64,0369169281603 16
578,200000000013 64,5300529960323 
578,400000000013 64,6139921352116 
578,600000000013 64,3881199244657 
578,800000000013 65,22624426399 
579,000000000013 66,2061965053422 
579,200000000013 67,7629289769519 
579,400000000014 69,1927983585739 
579,600000000014 69,6401360322566 
579,800000000014 70,2927983020714 
580,000000000014 71,5786075978486 
580,200000000014 72,6871342960588 
580,400000000014 72,8934718832765 
580,600000000014 73,1991884400032 
580,800000000014 72,8155296185483 
581,000000000014 69,7370484689981 
581,200000000014 66,5138122351082 
581,400000000014 65,4255476294292 
581,600000000014 64,8627986391685 15
581,800000000014 65,1646755499646 
582,000000000014 66,1839535036889 
582,200000000014 67,3984253281981 
582,400000000014 68,477415681409 
582,600000000014 69,480974177583 
582,800000000014 70,1381219349661 
583,000000000014 70,7073727969896 
583,200000000014 71,6607972390614 
583,400000000014 72,5248657685095 
583,600000000014 72,9420106573694 
583,800000000015 73,6031936162082 
584,000000000015 74,1940701719588 
584,200000000015 74,231875303101 
584,400000000015 73,0206420070396 
584,600000000015 69,3675825218798 
584,800000000015 67,0821302352792 
585,000000000015 66,4157594085039 
585,200000000015 66,0398131213865  14
585,400000000015 66,8711682460658 
585,600000000015 68,1808726891934 
585,800000000015 68,8723297253659 
586,000000000015 69,7216614042493 
586,200000000015 70,836001947865 
586,400000000015 72,5956122403798 
586,600000000015 72,7279202325757 
586,800000000015 72,8418211730835 
587,000000000015 73,7664449854552 
587,200000000015 74,7653635618031 
587,400000000015 74,7980173350476 
587,600000000015 74,9978256715708 
587,800000000015 75,5759231425832 
588,000000000015 73,6681027873407 
588,200000000016 70,5151915114433 
588,400000000016 67,6984173903696 
588,600000000016 66,8401000295318  13
588,800000000016 68,0492756043526 
589,000000000016 68,9185711936334 
589,200000000016 70,0865952740024 
589,400000000016 70,966680509029 
589,600000000016 71,6803247656169 
589,800000000016 72,4703741948516 
590,000000000016 73,3323861520674 
590,200000000016 73,5435491723893 
590,400000000016 74,4452626672913 
590,600000000016 75,4553143520851 
590,800000000016 75,8462644674343 
591,000000000016 75,936589533777 
591,200000000016 76,1858946417116 
591,400000000016 77,1166360875669 
591,600000000016 75,733274303567 
591,800000000016 70,9705834459653 
592,000000000016 68,1413943510066  12
592,200000000016 68,2858778939409 
592,400000000016 69,4315100128563 
592,600000000017 70,3741475704703 
592,800000000017 71,1387491257573 
593,000000000017 71,6503823929266 
593,200000000017 71,9294316772132 
593,400000000017 72,6811056658803 
593,600000000017 73,595565771122 
593,800000000017 74,2777377607373 
594,000000000017 75,4915263621288 
594,200000000017 76,0100753979664 
594,400000000017 76,193073234811 
594,600000000017 76,5335501468653 
594,800000000017 76,817543445942 
595,000000000017 77,0174853349602 
595,200000000017 77,2521688320409 
595,400000000017 72,5667025220335 
595,600000000017 70,3222625088648 
595,800000000017 69,3841868959709 11
596,000000000017 69,7899903447744 
596,200000000017 70,588057452672 
596,400000000017 71,6001743703428 
596,600000000017 72,7037482895358 
596,800000000017 73,7002069823346 
597,000000000018 74,4308586511767 
597,200000000018 75,1323183235863 
597,400000000018 75,4999378706641 
597,600000000018 76,0522955159829 
597,800000000018 76,1437741628258 
598,000000000018 76,6281886541271 
598,200000000018 77,4090668372822 
598,400000000018 77,2674711865125 
598,600000000018 77,6797361437731 
598,800000000018 78,1497874460504 
599,000000000018 77,8089187967195 
599,200000000018 75,1472057775143 
599,400000000018 71,8838570952153 
599,600000000018 71,3201424386024  10 
599,800000000018 71,9603798964312 
600,000000000018 72,4224018892279 
600,200000000018 73,0570443869838 
600,400000000018 73,9940096089811 
600,600000000018 74,6221598296587 
600,800000000018 75,444113325877 
601,000000000018 76,1478272861815 
601,200000000018 76,4314396037895 
601,400000000019 76,7941675270024 
601,600000000019 77,1061232723399 
601,800000000019 77,3498115336621 
602,000000000019 77,3951470988525 
602,200000000019 77,7691107592841 
602,400000000019 78,5809214383674 
602,600000000019 78,7407755250476 
602,800000000019 79,0048518999297 
603,000000000019 76,6812176937478 
603,200000000019 73,3018941192581 
603,400000000019 72,5271648853777   9
603,600000000019 73,1979595115956 
603,800000000019 73,8482841216788 
604,000000000019 75,0615723232148 
604,200000000019 75,464833239176 
604,400000000019 75,2450099826831 
604,600000000019 75,7172237600924 
604,800000000019 75,9071945738684 
605,000000000019 76,13795780074 
605,200000000019 77,0210178034566 
605,400000000019 77,7920930098245 
605,600000000019 77,9711624294201 
605,80000000002 78,5866816888707 
606,00000000002 78,5202281671317 
606,20000000002 78,6725495006362 
606,40000000002 79,0617715824951 
606,60000000002 79,3276745465353 
606,80000000002 78,271195819513 
607,00000000002 75,6231592018747 
607,20000000002 74,1216848168652 
607,40000000002 74,0851250035673   8
607,60000000002 74,8807537450295 
607,80000000002 75,338573788275 
608,00000000002 75,6530950620717 
608,20000000002 75,7838917116388 
608,40000000002 76,8178456200717 
608,60000000002 77,2816082102444 
608,80000000002 77,2989388582801 
609,00000000002 77,767288106956 
609,20000000002 77,9197328400722 
609,40000000002 78,6245725134164 
609,60000000002 79,0398614841268 
609,80000000002 78,9835827405866 
610,00000000002 79,0734415086637 
610,200000000021 79,7098407323164 
610,400000000021 79,5657565752683 
610,600000000021 79,2731602883757 
610,800000000021 78,1818088646825 
611,000000000021 76,3193728835161 
611,200000000021 75,5664410589967  7
611,400000000021 75,9071233255774 
611,600000000021 76,0009737729476 
611,800000000021 75,968913655183 
612,000000000021 76,7921732843961 
612,200000000021 77,1509322786373 
612,400000000021 77,4150533189991 
612,600000000021 77,7165693894467 
612,800000000021 78,2638296374506 
613,000000000021 78,6223604292724 
613,200000000021 78,654475357505 
613,400000000021 78,8476975986076 
613,600000000021 78,9014999195087 
613,800000000021 78,8887996996903 
614,000000000021 79,0912130539959 
614,200000000021 79,8832860223291 
614,400000000021 79,9806335242228 
614,600000000022 80,2881264581982 
614,800000000022 79,4999683961217 
615,000000000022 77,8610683418168 
615,200000000022 76,8341259492831 
615,400000000022 76,4573556996925  6
615,600000000022 76,6565202968158 
615,800000000022 77,156046121057 
616,000000000022 77,2348497038597 
616,200000000022 77,309534915505 
616,400000000022 77,7367360008282 
616,600000000022 78,0458401402794 
616,800000000022 78,4417381607784 
617,000000000022 79,2568511679895 
617,200000000022 79,7678776870234 
617,400000000022 79,1987853478499 
617,600000000022 79,6141641106402 
617,800000000022 79,9522313891271 
618,000000000022 80,2683106108002 
618,200000000022 80,5295083927057 
618,400000000022 79,5630942329956 
618,600000000022 79,2920313155699 
618,800000000022 79,3417782556716 
619,000000000023 78,5192625784394 
619,200000000023 78,1371824976219 
619,400000000023 78,1982674232663 
619,600000000023 77,4088629784322  5
619,800000000023 77,5818168527805 
620,000000000023 78,2456962507333 
620,200000000023 78,681780380822 
620,400000000023 78,7211572004161 
620,600000000023 78,8271184815765 
620,800000000023 79,228176482324 
621,000000000023 79,1384784583969 
621,200000000023 79,4285222444529 
621,400000000023 79,3002805067539 
621,600000000023 79,8782275359919 
621,800000000023 79,991760510799 
622,000000000023 80,3018205043213 
622,200000000023 80,2861834292326 
622,400000000023 79,9937582296945 
622,600000000023 80,321021532227 
622,800000000023 80,2690406156263 
623,000000000023 79,9248788806154 
623,200000000023 79,3800804408769 
623,400000000024 78,6050172090979 
623,600000000024 78,8135306193768 
623,800000000024 78,4883113206743 
624,000000000024 78,1616256150517  4
624,200000000024 78,5917770157468 
624,400000000024 78,7351000431895 
624,600000000024 79,2135324274073 
624,800000000024 79,4203009347155 
625,000000000024 79,4073463012118 
625,200000000024 79,5506707778173 
625,400000000024 79,7623097787267 
625,600000000024 80,025054467087 
625,800000000024 80,4602192928851 
626,000000000024 80,4521532977119 
626,200000000024 80,2832484793383 
626,400000000024 80,3243150422587 
626,600000000024 80,1162064492537 
626,800000000024 80,4544188407611 
627,000000000024 80,8248043782772 
627,200000000024 80,4660803950454 
627,400000000024 80,1999909590162 
627,600000000024 80,0243819162431 
627,800000000025 78,9875867268371  3
628,000000000025 79,1746026490054 
628,200000000025 79,1795463476577 
628,400000000025 79,4668442650564 
628,600000000025 79,1412843483713 
628,800000000025 78,9822732117142  
629,000000000025 79,1561330429921 
629,200000000025 79,4259572630245 
629,400000000025 79,9794540237171 
629,600000000025 80,092258837165 
629,800000000025 79,9185923836701 
630,000000000025 80,3009171561393 
630,200000000025 80,4849086750426 
630,400000000025 80,6270301073905 
630,600000000025 80,7543449636414 
630,800000000025 80,6750043697284 
631,000000000025 80,8168781285452 
631,200000000025 80,3373660031951 
631,400000000025 80,3646267148211 
631,600000000025 80,2655796067854 
631,800000000025 79,7673846156106 
632,000000000025 79,5920716903363 
632,200000000026 79,492350729428 
632,400000000026 78,7097216732306  2
632,600000000026 79,4334228746315 
632,800000000026 79,9846544670643 
633,000000000026 79,580884772242 
633,200000000026 79,4547707629105 
633,400000000026 79,5651778168153 
633,600000000026 79,7167469808138 
633,800000000026 79,6691552826662 
634,000000000026 79,5905645290833 
634,200000000026 79,6485442990358 
634,400000000026 80,2653507745963 
634,600000000026 80,3703984815855 
634,800000000026 79,8643983872715 
635,000000000026 80,5312752869618 
635,200000000026 80,6114605614374 
635,400000000026 80,957360399782 
635,600000000026 80,8176523062898 
635,800000000026 80,6480013070085 
636,000000000026 80,6818562094593 
636,200000000026 80,1676179975547 
636,400000000026 79,4809742814763  1
636,600000000027 79,6531917274567 
636,800000000027 80,2011421775271 
637,000000000027 80,2764613058391 
637,200000000027 79,8140408390612 
637,400000000027 79,6768883778867 
637,600000000027 79,6043882979125 
637,800000000027 79,8171717592042 
638,000000000027 80,1815906413222 
638,200000000027 80,17932028324 
638,400000000027 80,1914279425592 
638,600000000027 80,1783991589998 
638,800000000027 80,5054805114809 
639,000000000027 80,5950990073678 
639,200000000027 80,4833273006585 
639,400000000027 80,7626758056348 
639,600000000027 80,2987875334624 
639,800000000027 80,8051035867229 
640,000000000027 80,9885550564092 
640,200000000027 80,4246320800255 
640,400000000027 80,2146949420633 
640,600000000027 80,8056082686061 
640,800000000027 80,6823968150869 
641,000000000028 80,2504706327619 
641,200000000028 79,8968729111805 
641,400000000028 80,2201185485485 
641,600000000028 79,6572824880255 
641,800000000028 79,9512997039612 
642,000000000028 80,8192730264149 
642,200000000028 80,8808420136728 
642,400000000028 80,5169022950894 
642,600000000028 80,5062253397046 
642,800000000028 80,4186346922291 
643,000000000028 80,5194732597831 
643,200000000028 80,7080375233239 
643,400000000028 80,7015102934493 
643,600000000028 81,1985748027537 
643,800000000028 80,7321115368924 
644,000000000028 80,6112663354106 
644,200000000028 80,7331981282656 
644,400000000028 80,4493014518079 
644,600000000028 80,6967654904995 
644,800000000028 80,6744600465595 
645,000000000028 80,7354909575285 
645,200000000028 80,697412553339 
645,400000000029 79,673890509612 
645,600000000029 80,5839454686092 
645,800000000029 81,1866002791081 
646,000000000029 80,8014992559805 
646,200000000029 80,8349428012476 
646,400000000029 80,8095618599056 
646,600000000029 79,9412131926933 
646,800000000029 80,3288016329954 
647,000000000029 80,0856076856613 
647,200000000029 80,2654980720373 
647,400000000029 80,4762428024815 
647,600000000029 80,6533245028643 
647,800000000029 80,6359296616932 
648,000000000029 80,8173348252696 
648,200000000029 80,397608437525 
648,400000000029 80,6395465625177 
648,600000000029 80,6164849311192 
648,800000000029 79,9860033140774 
649,000000000029 80,0698769362911 
649,200000000029 80,5800197673894 
649,400000000029 80,8914851980182 
649,600000000029 80,4666096129044 
649,80000000003 80,3194049344502 
650,00000000003 80,0581975174655 
650,20000000003 80,1780952958946 
650,40000000003 80,8904688765489 
650,60000000003 80,2528851419664 
650,80000000003 80,6210940031104 
651,00000000003 81,0214603130928 
651,20000000003 80,9188231365603 
651,40000000003 80,2695218053831 
651,60000000003 80,4414047301544 
651,80000000003 80,2963913455002 
652,00000000003 80,2963289019402 
652,20000000003 81,0110210793865 
652,40000000003 80,6418678243581 
652,60000000003 80,069638602194 
652,80000000003 80,7223213513523 
653,00000000003 81,1763629125646 
653,20000000003 81,1959797051594 
653,40000000003 80,9118142460321 
653,60000000003 80,3411691159028 
653,80000000003 80,8907606846574 
654,00000000003 80,4120509642041 
654,200000000031 80,8820323598711 
654,400000000031 81,4243012037437 
654,600000000031 80,7587023972426 
654,800000000031 80,3911463016827 
