Wavelength Trans 
nm % 
480 57,900231223557 
480,2 57,770558483606 
480,4 57,6495731905808 
480,6 57,5258953962653 
480,8 57,3906470996825 
481 57,2490236109601 
481,2 57,1220454939725 
481,4 57,0068888477389 
481,6 56,8771418059208 
481,8 56,7560296966276 
482 56,6294335649352 
482,2 56,4855087949022 
482,4 56,3497638117234 
482,6 56,2345005467836 
482,8 56,1044943005041 
483 55,9772306621783 
483,2 55,8415799086733 
483,4 55,7261320180968 
483,6 55,5934622141003 
483,8 55,4607730676426 
484 55,3280645745003 
484,2 55,2009214650218 
484,4 55,0881773443432 
484,6 54,9668111036813 
484,8 54,8426341838714 
485 54,7040542652676 
485,2 54,5563951959983 
485,4 54,4378053148867 
485,6 54,3277499367932 
485,8 54,2148274842048 
486 54,0904842778137 
486,2 53,9575692512467 
486,4 53,8246348281675 
486,6 53,6973847032218 
486,8 53,5843750448545 
487 53,4626399600226 
487,2 53,3434941003518 
487,4 53,2303767698837 
487,6 53,1000120875438 
487,8 52,9615844949517 
488 52,8595982277565 
488,2 52,7179933799926 
488,4 52,5965145204107 
488,6 52,4915682406195 
488,8 52,3501344441341 
488,999999999999 52,2423017018731 
489,199999999999 52,1145481245937 
489,399999999999 51,9982323046568 
489,599999999999 51,8679684500576 
489,799999999999 51,7491056769272 
489,999999999999 51,6356475750627 
490,199999999999 51,5135507341999 
490,399999999999 51,3914354815602 
490,599999999999 51,2722736850997 
490,799999999999 51,1526379780786 
490,999999999999 51,0134047340751 
491,199999999999 50,8877423878788 
491,399999999999 50,763200322676 
491,599999999999 50,6638377047916 
491,799999999999 50,5553757416191 
491,999999999999 50,4307852377822 
492,199999999999 50,3253213852174 
492,399999999999 50,2000115645637 
492,599999999999 50,0723416222686 
492,799999999999 49,9614587624893 
492,999999999999 49,8443229029771 
493,199999999999 49,7162257829801 
493,399999999999 49,5991207901548 
493,599999999999 49,4745677065429 
493,799999999999 49,371953716436 
493,999999999999 49,2578890098666 
494,199999999999 49,1354594840355 
494,399999999999 49,0191900801729 
494,599999999999 48,9165166314512 
494,799999999999 48,8147448809017 
494,999999999999 48,7223862423235 
495,199999999999 48,5973880589637 
495,399999999999 48,4914534354571 
495,599999999999 48,3720593028968 
495,799999999999 48,2577981174753 
495,999999999999 48,1446663072154 
496,199999999999 48,0532643425543 
496,399999999999 47,9566994032868 
496,599999999999 47,8589758803391 
496,799999999999 47,7394890505184 
496,999999999999 47,6312963492883 
497,199999999999 47,5279602123326 
497,399999999999 47,4167270396219 
497,599999999999 47,3183040872177 
497,799999999999 47,2336079009154 
497,999999999999 47,1154609267221 
498,199999999999 47,0321141589514 
498,399999999999 46,9290553218084 
498,599999999999 46,8177350702157 
498,799999999999 46,7096072088175 
498,999999999999 46,606348238248 
499,199999999999 46,504378931066 
499,399999999999 46,4175754649507 
499,599999999999 46,3127134622901 
499,799999999999 46,22095668218 
499,999999999999 46,1241972226557 
500,199999999999 46,0289353116073 
500,399999999999 45,9270714512364 
500,599999999999 45,8432470994446 
500,799999999999 45,7495542665858 
500,999999999999 45,6655641948043 
501,199999999999 45,5649550680674 
501,399999999999 45,471340963196 
501,599999999999 45,384020446365 
501,799999999999 45,2855669373121 
501,999999999999 45,20969087044 
502,199999999999 45,1160299221067 
502,399999999999 45,0353165280712 
502,599999999999 44,9497757599643 
502,799999999999 44,8657147213466 
502,999999999999 44,7752383346232 
503,199999999999 44,7022788758708 
503,399999999999 44,6167520850529 
503,599999999999 44,5393029589645 
503,799999999999 44,458458836918 
503,999999999999 44,3728999048797 
504,199999999999 44,2954201899371 
504,399999999999 44,2179305204703 
504,599999999999 44,1404308945643 
504,799999999999 44,0663074449593 
504,999999999999 43,9933621116081 
505,199999999999 43,9109285456926 
505,399999999999 43,8448693652986 
505,599999999999 43,7753572823939 
505,799999999999 43,6977993033781 
505,999999999999 43,6271210640526 
506,199999999999 43,572509727331 
506,399999999998 43,5075554768635 
506,599999999998 43,4253668302963 
506,799999999998 43,362692445493 
506,999999999998 43,2975778445474 
507,199999999998 43,2151634651357 
507,399999999998 43,1525208924485 
507,599999999998 43,0978544352277 
507,799999999998 43,0361723547774 
507,999999999998 42,9655209848688 
508,199999999998 42,9073272049901 
508,399999999998 42,8446446846925 
508,599999999998 42,7829304446757 
508,799999999998 42,7156837785532 
508,999999999998 42,6651818817375 
509,199999999998 42,6096517972089 
509,399999999998 42,5707813786519 
509,599999999998 42,5124784870487 
509,799999999998 42,4497997844813 
509,999999999998 42,3949270938544 
510,199999999998 42,3469109264842 
510,399999999998 42,3076249528601 
510,599999999998 42,2489014810377 
510,799999999998 42,1928818630289 
510,999999999998 42,1606005564482 
511,199999999998 42,1284264297449 
511,399999999998 42,0890025073384 
511,599999999998 42,0410631716909 
511,799999999998 42,0016300666485 
511,999999999998 41,9573043275312 
512,199999999998 41,9329902343729 
512,399999999998 41,9080411063023 
512,599999999998 41,8879783075663 
512,799999999998 41,8514851847846 
512,999999999998 41,830713847145 
513,199999999998 41,8026460323824 
513,399999999998 41,7662899846119 
513,599999999999 41,7492641097754 
513,799999999999 41,7363793753166 
513,999999999999 41,7156666888243 
514,199999999999 41,6949517119392 
514,399999999999 41,6742344442821 
514,599999999999 41,6460767690014 
514,799999999999 41,6134063701841 
514,999999999999 41,6041941376177 
515,199999999999 41,594980885791 
515,399999999999 41,5820243402019 
515,599999999999 41,5650364264775 
515,799999999999 41,5558194790726 
515,999999999999 41,5391157211722 
516,199999999999 41,5106058062759 
516,399999999999 41,4936101818511 
516,599999999999 41,4843721784966 
516,799999999999 41,4713158392393 
516,999999999999 41,450571282885 
517,199999999999 41,4336261705242 
517,399999999999 41,4205959163538 
517,599999999999 41,3922407878333 
517,8 41,3598505575683 
518 41,3354063124496 
518,2 41,295288958935 
518,4 41,2822130090176 
518,6 41,2691010773163 
518,8 41,2598020339496 
519 41,2275085386699 
519,2 41,1990729460411 
519,4 41,1744378352302 
519,6 41,1421342494793 
519,8 41,1175504403607 
520 41,0966450538959 
520,2 41,0641983302403 
520,4 41,0469702928075 
520,6 41,0182724385455 
520,8 40,9972899995122 
521 40,980226387503 
521,2 40,9629300020572 
521,4 40,9421725981438 
521,6 40,9313312208113 
521,8 40,9232577231816 
522 40,9135677476908 
522,200000000001 40,88492347115 
522,400000000001 40,8638566280053 
522,600000000001 40,8508172278164 
522,800000000001 40,8528898474101 
523,000000000001 40,8509820412715 
523,200000000001 40,8415166024747 
523,400000000001 40,8360312421375 
523,600000000001 40,8341222885649 
523,800000000001 40,8206731079534 
524,000000000001 40,8036452346979 
524,200000000001 40,8021622837266 
524,400000000001 40,8158195294639 
524,600000000001 40,8334736602461 
524,800000000001 40,8586323766175 
525,000000000001 40,8757128947458 
525,200000000001 40,8737474544037 
525,400000000001 40,8764002364869 
525,600000000001 40,8934842568815 
525,800000000001 40,903643008037 
526,000000000001 40,9288572211388 
526,200000000001 40,9541113174775 
526,400000000001 40,979286383626 
526,600000000002 41,0044640063229 
526,800000000002 41,0296441859568 
527,000000000002 41,0548269229166 
527,200000000002 41,080012217591 
527,400000000002 41,1093006641305 
527,600000000002 41,14604246036 
527,800000000002 41,1828535444665 
528,000000000002 41,2238799916694 
528,200000000002 41,268026963596 
528,400000000002 41,3047842989401 
528,600000000002 41,3457049855088 
528,800000000002 41,3981845315437 
529,000000000002 41,4497445817409 
529,200000000002 41,4906788720999 
529,400000000002 41,5390133236135 
529,600000000002 41,5956740345908 
529,800000000002 41,6588997053346 
530,000000000002 41,7072660253362 
530,200000000002 41,7552401480862 
530,400000000002 41,8074343217479 
530,600000000002 41,8669730973398 
530,800000000002 41,9265168303855 
531,000000000003 41,9902852509509 
531,200000000003 42,0614001547743 
531,400000000003 42,1325209807426 
531,600000000003 42,2080196590438 
531,800000000003 42,2781421162714 
532,000000000003 42,3261548547021 
532,200000000003 42,3784501948406 
532,400000000003 42,4423138604977 
532,600000000003 42,5049104192387 
532,800000000003 42,5572197385737 
533,000000000003 42,6210988302074 
533,200000000003 42,6965491399987 
533,400000000003 42,7751451158775 
533,600000000003 42,8378764877428 
533,800000000003 42,8859305543558 
534,000000000003 42,9339886247221 
534,200000000003 42,9777124706831 
534,400000000003 43,0142095787721 
534,600000000003 43,0420325475905 
534,800000000003 43,068412180392 
535,000000000003 43,1164878663483 
535,200000000003 43,1690191033222 
535,400000000004 43,2508449884081 
535,600000000004 43,2936889856327 
535,800000000004 43,3366130255552 
536,000000000004 43,3742939636135 
536,200000000004 43,384897707168 
536,400000000004 43,3834648651606 
536,600000000004 43,3521717541711 
536,800000000004 43,3599982285052 
537,000000000004 43,405328330902 
537,200000000004 43,4518668664377 
537,400000000004 43,4858214684568 
537,600000000004 43,5473118462451 
537,800000000004 43,6123375350583 
538,000000000004 43,6310587325667 
538,200000000004 43,6391306811592 
538,400000000004 43,6400232954012 
538,600000000004 43,6062385839655 
538,800000000004 43,5946826061878 
539,000000000004 43,5796205171585 
539,200000000004 43,6156419012588 
539,400000000004 43,6869462703181 
539,600000000004 43,7627734265377 
539,800000000005 43,8366372564167 
540,000000000005 43,8873020412603 
540,200000000005 43,9282950794403 
540,400000000005 43,9402165078189 
540,600000000005 43,9272356168679 
540,800000000005 43,9365449323991 
541,000000000005 43,9125724226357 
541,200000000005 43,9301733002378 
541,400000000005 43,9806774932766 
541,600000000005 44,0492027955959 
541,800000000005 44,1759546382187 
542,000000000005 44,2801209903934 
542,200000000005 44,3373679962 
542,400000000005 44,4040632191954 
542,600000000005 44,4362686334986 
542,800000000005 44,4356713366066 
543,000000000005 44,4443746465517 
543,200000000005 44,4600328411849 
543,400000000005 44,4919179129069 
543,600000000005 44,540032874612 
543,800000000005 44,6368334886075 
544,000000000005 44,7545059702682 
544,200000000006 44,8768245854381 
544,400000000006 45,0019456930977 
544,600000000006 45,0568113661376 
544,800000000006 45,1049588497606 
545,000000000006 45,1484151266701 
545,200000000006 45,1755849074055 
545,400000000006 45,2030472447852 
545,600000000006 45,2465125219486 
545,800000000006 45,2924745956747 
546,000000000006 45,3710252663062 
546,200000000006 45,4868378578763 
546,400000000006 45,6118251208438 
546,600000000006 45,7248413198975 
546,800000000006 45,8262685981089 
547,000000000006 45,911350177581 
547,200000000006 45,9827521681452 
547,400000000006 46,0494040043928 
547,600000000006 46,0949494975237 
547,800000000006 46,1342351827954 
548,000000000006 46,2037403931743 
548,200000000006 46,2870131079624 
548,400000000006 46,3796777551545 
548,600000000007 46,4907386816763 
548,800000000007 46,6037805516171 
549,000000000007 46,7052284742655 
549,200000000007 46,8095275426756 
549,400000000007 46,9177796752825 
549,600000000007 47,01727948176 
549,800000000007 47,1092766741817 
550,000000000007 47,1858948041518 
550,200000000007 47,2691074334022 
550,400000000007 47,3474535168879 
550,600000000007 47,4288242323717 
550,800000000007 47,5285408644013 
551,000000000007 47,6447487383545 
551,200000000007 47,7549294286653 
551,400000000007 47,8530643268839 
551,600000000007 47,9616309044781 
551,800000000007 48,0663829429559 
552,000000000007 48,184495037824 
552,200000000007 48,3124861893888 
552,400000000007 48,439036087707 
552,600000000007 48,5455671339096 
552,800000000007 48,6373014858734 
553,000000000008 48,7287540385565 
553,200000000008 48,837255076267 
553,400000000008 48,9324792048238 
553,600000000008 49,032433422402 
553,800000000008 49,1390160986504 
554,000000000008 49,2406131802416 
554,200000000008 49,3505823151366 
554,400000000008 49,4654386052784 
554,600000000008 49,5754263654274 
554,800000000008 49,6952881519494 
555,000000000008 49,8066623453339 
555,200000000008 49,9291478543064 
555,400000000008 50,0427081806774 
555,600000000008 50,1517420847789 
555,800000000008 50,2602568558892 
556,000000000008 50,3374645608271 
556,200000000008 50,4182189339887 
556,400000000008 50,5121053426971 
556,600000000008 50,6110495253124 
556,800000000008 50,7066332376034 
557,000000000008 50,7942549950581 
557,200000000008 50,8830427109465 
557,400000000009 50,9806649789685 
557,600000000009 51,097812324171 
557,800000000009 51,2251899239295 
558,000000000009 51,3604739950636 
558,200000000009 51,4892555811991 
558,400000000009 51,6538337437001 
558,600000000009 51,7184961811282 
558,800000000009 51,7755160403568 
559,000000000009 51,8397574439147 
559,200000000009 51,931138144071 
559,400000000009 52,0328072929195 
559,600000000009 52,1099575568709 
559,800000000009 52,1910081754168 
560,000000000009 52,301510812466 
560,200000000009 52,4272805539766 
560,400000000009 52,5408594101631 
560,600000000009 52,6686578718183 
560,800000000009 52,8272863627356 
561,000000000009 52,9766231987707 
561,200000000009 53,0963134829479 
561,400000000009 53,1979850272419 
561,600000000009 53,2880330603181 
561,80000000001 53,3612213737961 
562,00000000001 53,4270176202706 
562,20000000001 53,5151321410552 
562,40000000001 53,6009036113087 
562,60000000001 53,6719072249215 
562,80000000001 53,755598631035 
563,00000000001 53,8498855284823 
563,20000000001 53,9674521582232 
563,40000000001 54,1083014442007 
563,60000000001 54,2565515888566 
563,80000000001 54,4147616150293 
564,00000000001 54,5653203090564 
564,20000000001 54,6732812129244 
564,40000000001 54,7633274577394 
564,60000000001 54,8470961253364 
564,80000000001 54,9362262469507 
565,00000000001 55,0324696341765 
565,20000000001 55,1082748823222 
565,40000000001 55,1698379678923 
565,60000000001 55,2440122478658 
565,80000000001 55,3288280161506 
566,00000000001 55,4315310362963 
566,200000000011 55,5621414768182 
566,400000000011 55,7122783301791 
566,600000000011 55,8670389833493 
566,800000000011 56,0288693178541 
567,000000000011 56,1682404780904 
567,200000000011 56,3001062465276 
567,400000000011 56,4116479574895 
567,600000000011 56,5076775817813 
567,800000000011 56,6065164524187 
568,000000000011 56,6806654733694 
568,200000000011 56,760303354575 
568,400000000011 56,8351738215752 
568,600000000011 56,9086576047675 
568,800000000011 57,0002176886979 
569,000000000011 57,1090723303102 
569,200000000011 57,2354653245825 
569,400000000011 57,3735368364806 
569,600000000011 57,5343673938513 
569,800000000011 57,6914335618116 
570,000000000011 57,8407772208237 
570,200000000011 57,992025835796 
570,400000000011 58,1249281338882 
570,600000000012 58,2581688085673 
570,800000000012 58,3578613394054 
571,000000000012 58,4320236052895 
571,200000000012 58,5183317050008 
571,400000000012 58,5934510324797 
571,600000000012 58,6564462757251 
571,800000000012 58,7418599843005 
572,000000000012 58,8515630883925 
572,200000000012 58,9559171072493 
572,400000000012 59,167465086907 
572,600000000012 59,2690598501505 
572,800000000012 59,3954760019325 
573,000000000012 59,557642342695 
573,200000000012 59,7201842702471 
573,400000000012 59,859745847661 
573,600000000012 59,9869508275628 
573,800000000012 60,1088609662793 
574,000000000012 60,2076397971464 
574,200000000012 60,288689230934 
574,400000000012 60,357847045358 
574,600000000012 60,421057446465 
574,800000000012 60,5014412230373 
575,000000000013 60,5983269537826 
575,200000000013 60,688066884709 
575,400000000013 60,8062101587175 
575,600000000013 60,9432341944285 
575,800000000013 61,0739658361362 
576,000000000013 61,2162081452368 
576,200000000013 61,3642451458396 
576,400000000013 61,5297652478002 
576,600000000013 61,6955295590438 
576,800000000013 61,8321415464567 
577,000000000013 61,9452677953393 
577,200000000013 62,0351394060746 
577,400000000013 62,1074867259281 
577,600000000013 62,1798406038715 
577,800000000013 62,2461725158656 
578,000000000013 62,3183545054005 
578,200000000013 62,3963865729334 
578,400000000013 62,491961724793 
578,600000000013 62,6050807265942 
578,800000000013 62,7298999450357 
579,000000000013 62,8784998649931 
579,200000000013 63,0329521664391 
579,400000000014 63,1929366804915 
579,600000000014 63,3528145336247 
579,800000000014 63,5010085028735 
580,000000000014 63,6416275331892 
580,200000000014 63,7686675355334 
580,400000000014 63,8663995920832 
580,600000000014 63,9408567155553 
580,800000000014 64,0215658024636 
581,000000000014 64,084023514395 
581,200000000014 64,1414570151348 
581,400000000014 64,2624567124024 
581,600000000014 64,3155179439901 
581,800000000014 64,4003793100159 
582,000000000014 64,5217536777508 
582,200000000014 64,6607763105358 
582,400000000014 64,8116355086349 
582,600000000014 64,9564480183834 
582,800000000014 65,10725821215 
583,000000000014 65,2573602133424 
583,200000000014 65,3780548500504 
583,400000000014 65,4997955154769 
583,600000000014 65,6204788483816 
583,800000000015 65,7121087925515 
584,000000000015 65,7986538092792 
584,200000000015 65,86653552405 
584,400000000015 65,9178281474378 
584,600000000015 65,9747287375214 
584,800000000015 66,0437818878185 
585,000000000015 66,139440690027 
585,200000000015 66,2310031404321 
585,400000000015 66,3360436857945 
585,600000000015 66,4450286486546 
585,800000000015 66,5744691055596 
586,000000000015 66,7241202229165 
586,200000000015 66,8509634378898 
586,400000000015 67,0819132362989 
586,600000000015 67,1525399788751 
586,800000000015 67,2558471952018 
587,000000000015 67,3580634603134 
587,200000000015 67,4386603623083 
587,400000000015 67,512695084055 
587,600000000015 67,5632383376955 
587,800000000015 67,6273906027334 
588,000000000015 67,6949150476717 
588,200000000016 67,764523157459 
588,400000000016 67,8258358391739 
588,600000000016 67,8961141657626 
588,800000000016 68,0061498498016 
589,000000000016 68,1212353310844 
589,200000000016 68,2307794912867 
589,400000000016 68,364994723208 
589,600000000016 68,5083929622652 
589,800000000016 68,6284340283688 
590,000000000016 68,7492317780368 
590,200000000016 68,8614083687209 
590,400000000016 68,9697667482317 
590,600000000016 69,064196505434 
590,800000000016 69,1431950775799 
591,000000000016 69,2147848071496 
591,200000000016 69,2756404221457 
591,400000000016 69,323904445613 
591,600000000016 69,3677302777688 
591,800000000016 69,4106140954212 
592,000000000016 69,4732734352516 
592,200000000016 69,5512453002543 
592,400000000016 69,6364962489769 
592,600000000017 69,7384899147419 
592,800000000017 69,8457509869726 
593,000000000017 69,9720025559376 
593,200000000017 70,1077603728315 
593,400000000017 70,2318531217338 
593,600000000017 70,3316113566669 
593,800000000017 70,4029656685746 
594,000000000017 70,4956601477126 
594,200000000017 70,6079559909042 
594,400000000017 70,6958168444328 
594,600000000017 70,7424019374497 
594,800000000017 70,793619575401 
595,000000000017 70,8350563888633 
595,200000000017 70,8705480402712 
595,400000000017 70,9161110771927 
595,600000000017 70,9713221935565 
595,800000000017 71,0436106528074 
596,000000000017 71,1231379852604 
596,200000000017 71,2039264698031 
596,400000000017 71,3091955293149 
596,600000000017 71,4170574419612 
596,800000000017 71,5274508970178 
597,000000000018 71,6352705283029 
597,200000000018 71,7394846935561 
597,400000000018 71,8422815546868 
597,600000000018 71,9332141832151 
597,800000000018 72,0125271255795 
598,000000000018 72,0672313871044 
598,200000000018 72,1325947859296 
598,400000000018 72,1858854332559 
598,600000000018 72,2201442073544 
598,800000000018 72,2465571194294 
599,000000000018 72,2758524158593 
599,200000000018 72,3217444542741 
599,400000000018 72,3726707664945 
599,600000000018 72,4301362633541 
599,800000000018 72,4991812592053 
600,000000000018 72,5887790612866 
600,200000000018 72,6969063427932 
600,400000000018 72,8038381331465 
600,600000000018 72,9254681377271 
600,800000000018 73,028792825378 
601,000000000018 73,1071955832097 
601,200000000018 73,1855925193773 
601,400000000019 73,244170316292 
601,600000000019 73,3010052632979 
601,800000000019 73,3611962646013 
602,000000000019 73,4231958778734 
602,200000000019 73,4568170356607 
602,400000000019 73,4923194586872 
602,600000000019 73,5275303737674 
602,800000000019 73,5612901615482 
603,000000000019 73,5715916363921 
603,200000000019 73,5905785825097 
603,400000000019 73,6541574097317 
603,600000000019 73,7327254805285 
603,800000000019 73,8112266899521 
604,000000000019 73,9029908758816 
604,200000000019 73,991042783586 
604,400000000019 74,0693603554107 
604,600000000019 74,1476721155995 
604,800000000019 74,2260623743896 
605,000000000019 74,3023008907979 
605,200000000019 74,3839131532195 
605,400000000019 74,4432277647546 
605,600000000019 74,5102483124025 
605,80000000002 74,5626237424064 
606,00000000002 74,5909707445794 
606,20000000002 74,6260989558198 
606,40000000002 74,6592621120616 
606,60000000002 74,6808435189084 
606,80000000002 74,7044815144824 
607,00000000002 74,7465808633732 
607,20000000002 74,7912924486356 
607,40000000002 74,8380967612115 
607,60000000002 74,9101750101778 
607,80000000002 74,9896808606647 
608,00000000002 75,0644452384078 
608,20000000002 75,1392200091157 
608,40000000002 75,2279765093197 
608,60000000002 75,2985658283919 
608,80000000002 75,3639807518034 
609,00000000002 75,4387971680277 
609,20000000002 75,4860227361714 
609,40000000002 75,5477910070357 
609,60000000002 75,56077768648 
609,80000000002 75,5760750129263 
610,00000000002 75,6171549868136 
610,200000000021 75,6397423729164 
610,400000000021 75,6877545383433 
610,600000000021 75,7264908306614 
610,800000000021 75,7443479968832 
611,000000000021 75,7738192301319 
611,200000000021 75,8079427814432 
611,400000000021 75,8699472095916 
611,600000000021 75,9437894544851 
611,800000000021 75,9918525148997 
612,000000000021 76,0611714388871 
612,200000000021 76,1464259112614 
612,400000000021 76,213053404465 
612,600000000021 76,2775511585403 
612,800000000021 76,3396256532819 
613,000000000021 76,3902318535021 
613,200000000021 76,4220245300192 
613,400000000021 76,4588547888093 
613,600000000021 76,5047668100757 
613,800000000021 76,5435959167206 
614,000000000021 76,5778993348924 
614,200000000021 76,6051144480201 
614,400000000021 76,6206999990616 
614,600000000022 76,638921000187 
614,800000000022 76,6616611107849 
615,000000000022 76,6756978101767 
615,200000000022 76,6986150012658 
615,400000000022 76,7304905294204 
615,600000000022 76,7981866100033 
615,800000000022 76,8596636881272 
616,000000000022 76,917545274243 
616,200000000022 76,9846164035363 
616,400000000022 77,0371753129097 
616,600000000022 77,0735379015337 
616,800000000022 77,1054804335051 
617,000000000022 77,1446567015826 
617,200000000022 77,1810435518276 
617,400000000022 77,2130088649105 
617,600000000022 77,2666683720509 
617,800000000022 77,2975098494759 
618,000000000022 77,3134806169828 
618,200000000022 77,3192324786772 
618,400000000022 77,3478294855456 
618,600000000022 77,3642811555037 
618,800000000022 77,3685820190488 
619,000000000023 77,3874710706607 
619,200000000023 77,4194918138548 
619,400000000023 77,4516203387465 
619,600000000023 77,4837150407393 
619,800000000023 77,5377834364619 
620,000000000023 77,5809352419171 
620,200000000023 77,6247911329634 
620,400000000023 77,669937364132 
620,600000000023 77,7034130942564 
620,800000000023 77,7474542210745 
621,000000000023 77,800074048011 
621,200000000023 77,8229377280181 
621,400000000023 77,8361692258773 
621,600000000023 77,8685023340071 
621,800000000023 77,8796937650349 
622,000000000023 77,8960873768535 
622,200000000023 77,9104376856903 
622,400000000023 77,931194059198 
622,600000000023 77,9380058710123 
622,800000000023 77,9620638304425 
623,000000000023 77,9805138674563 
623,200000000023 77,9938244826281 
623,400000000024 78,0177353454702 
623,600000000024 78,039156190569 
623,800000000024 78,065567986745 
624,000000000024 78,0873632270595 
624,200000000024 78,1200116941602 
624,400000000024 78,1458505305581 
624,600000000024 78,20865016417 
624,800000000024 78,2510947937978 
625,000000000024 78,2811302463149 
625,200000000024 78,3029609088779 
625,400000000024 78,331576888083 
625,600000000024 78,3458711205877 
625,800000000024 78,3477059994971 
626,000000000024 78,3647445550751 
626,200000000024 78,3899721908041 
626,400000000024 78,4075972438066 
626,600000000024 78,4363366667329 
626,800000000024 78,4428498211532 
627,000000000024 78,4482379744575 
627,200000000024 78,4617948799965 
627,400000000024 78,4600026596117 
627,600000000024 78,4731277079871 
627,800000000025 78,5060261039364 
628,000000000025 78,5199714838732 
628,200000000025 78,5524631824244 
628,400000000025 78,5857750808251 
628,600000000025 78,6110980407731 
628,800000000025 78,65955096282 
629,000000000025 78,696729159571 
629,200000000025 78,6988035967981 
629,400000000025 78,7121125212932 
629,600000000025 78,7296346790967 
629,800000000025 78,7354550023166 
630,000000000025 78,7660580335994 
630,200000000025 78,7957336634749 
630,400000000025 78,7941320331327 
630,600000000025 78,8196783217219 
630,800000000025 78,8259164388425 
631,000000000025 78,8358982880832 
631,200000000025 78,8420771310503 
631,400000000025 78,8481970449701 
631,600000000025 78,8504500563055 
631,800000000025 78,8487860908909 
632,000000000025 78,847124950709 
632,200000000026 78,8689804680343 
632,400000000026 78,9089306331922 
632,600000000026 78,9462661496243 
632,800000000026 78,9653108260387 
633,000000000026 78,9831845001081 
633,200000000026 79,0049912006198 
633,400000000026 79,026759303136 
633,600000000026 79,0326986027032 
633,800000000026 79,0468259684708 
634,000000000026 79,0606604602351 
634,200000000026 79,0627969591992 
634,400000000026 79,0690272678749 
634,600000000026 79,0790928931052 
634,800000000026 79,1130012449237 
635,000000000026 79,126306707957 
635,200000000026 79,1405469835383 
635,400000000026 79,1384126241528 
635,600000000026 79,1409563609937 
635,800000000026 79,1430323343289 
636,000000000026 79,1652237368645 
636,200000000026 79,17477828788 
636,400000000026 79,1731084226286 
636,600000000027 79,1954732069653 
636,800000000027 79,2128672779787 
637,000000000027 79,2389139345325 
637,200000000027 79,2563063591536 
637,400000000027 79,27434103308 
637,600000000027 79,2880830668018 
637,800000000027 79,2981222921325 
638,000000000027 79,3162134099405 
638,200000000027 79,3298607288019 
638,400000000027 79,3398828278792 
638,600000000027 79,3499045053643 
638,800000000027 79,3518585113864 
639,000000000027 79,3582550989773 
639,200000000027 79,3764179499983 
639,400000000027 79,3900370992218 
639,600000000027 79,4163067151159 
639,800000000027 79,4253358924739 
640,000000000027 79,408190767594 
640,200000000027 79,4086272225479 
640,400000000027 79,4278849536364 
640,600000000027 79,4426221779867 
640,800000000027 79,4455885958962 
641,000000000028 79,4532141427491 
641,200000000028 79,4643465661256 
641,400000000028 79,48366167986 
641,600000000028 79,490117878816 
641,800000000028 79,5059256313814 
642,000000000028 79,5369296064251 
642,200000000028 79,5633376643057 
642,400000000028 79,5614690524412 
642,600000000028 79,5904262867584 
642,800000000028 79,6036612530498 
643,000000000028 79,6031027700591 
643,200000000028 79,6025442950353 
643,400000000028 79,6019858279783 
643,600000000028 79,6097074601323 
643,800000000028 79,6125549458028 
644,000000000028 79,6119964206814 
644,200000000028 79,6114379035273 
644,400000000028 79,6274771360476 
644,600000000028 79,6419966903065 
644,800000000028 79,6697238939447 
645,000000000028 79,6710351880621 
645,200000000028 79,683765354022 
645,400000000029 79,6899013227183 
645,600000000029 79,6893422874117 
645,800000000029 79,7054970665112 
646,000000000029 79,7116000765199 
646,200000000029 79,711040901154 
646,400000000029 79,6955099862774 
646,600000000029 79,7340382472055 
646,800000000029 79,7444233957691 
647,000000000029 79,7606939842052 
647,200000000029 79,775094405994 
647,400000000029 79,7778072823039 
647,600000000029 79,8024921063863 
647,800000000029 79,786505347956 
648,000000000029 79,8014973834129 
648,200000000029 79,810627132443 
648,400000000029 79,8015942968044 
648,600000000029 79,8317124417984 
648,800000000029 79,8101164226173 
649,000000000029 79,8305925194987 
649,200000000029 79,8344151290508 
649,400000000029 79,8306413468495 
649,600000000029 79,8300793654736 
649,80000000003 79,8380438893438 
650,00000000003 79,8488961408184 
650,20000000003 79,8340572752365 
650,40000000003 79,8268144980342 
650,60000000003 79,860004796854 
650,80000000003 79,8546318118423 
651,00000000003 79,8902520975032 
651,20000000003 79,9048790554262 
651,40000000003 79,9125346350747 
651,60000000003 79,9232866258186 
651,80000000003 79,9254499118892 
652,00000000003 79,9073399233016 
652,20000000003 79,9088021551341 
652,40000000003 79,9109620888514 
652,60000000003 79,9100277907327 
652,80000000003 79,9177411075675 
653,00000000003 79,9198458867529 
653,20000000003 79,9275589092655 
653,40000000003 79,9469556670312 
653,60000000003 79,9434518707427 
653,80000000003 79,9394807058185 
654,00000000003 79,9472331151468 
654,200000000031 79,9405886778641 
654,400000000031 79,9453800850711 
654,600000000031 79,9387220501817 
654,800000000031 79,9522171467323 
