Wavelength Trans 
nm % 
480 58,668624755234 
480,2 58,787271086735 
480,4 58,966522968632 
480,6 58,661296336175 
480,8 58,8188585765193 
481 58,4925467852098 
481,2 57,7308801144043 
481,4 57,7724351001502 
481,6 58,1469114360759 
481,8 58,088280570256 
482 57,600121103927 
482,2 57,5883643763871 
482,4 57,270482085666 
482,6 57,3434356262965 
482,8 56,89975640192 
483 57,3909508533964 
483,2 56,9382271904867 
483,4 56,4258076311176 
483,6 56,4536180844611 
483,8 56,3689095366212 
484 56,2359754312807 
484,2 55,9029115197948 
484,4 56,0150865742617 
484,6 55,9546114213772 
484,8 56,2732933955276 
485 55,7407798135055 
485,2 55,8190552630091 
485,4 55,8402176068512 
485,6 55,2969689558756 
485,8 55,0558339051365 
486 54,9885671972259 
486,2 54,7103101959577 
486,4 54,845470001909 
486,6 54,9321693394879 
486,8 54,8278003406023 
487 54,4979413505832 
487,2 54,3063193532391 
487,4 54,0324517314841 
487,6 54,0135739078598 
487,8 54,0150644512669 
488 53,913089957655 
488,2 53,643462781995 
488,4 53,9695308315108 
488,6 53,3415851566055 
488,8 52,8959403836091 
488,999999999999 53,2803657940024 
489,199999999999 53,2556353720561 
489,399999999999 53,6274110874253 
489,599999999999 53,271400417017 
489,799999999999 53,2853398134732 
489,999999999999 53,1384117317195 
490,199999999999 52,9647990400223 
490,399999999999 52,9592807672676 
490,599999999999 52,3220683586731 
490,799999999999 52,0640581940018 
490,999999999999 52,4028177080992 
491,199999999999 52,3949573757001 
491,399999999999 52,3295899477165 
491,599999999999 52,1985147408651 
491,799999999999 52,0249465564524 
491,999999999999 51,3202902021726 
492,199999999999 51,490569583571 
492,399999999999 51,6173742208945 
492,599999999999 51,5534189779644 
492,799999999999 51,4070134446225 
492,999999999999 50,8570724741486 
493,199999999999 51,1568450234992 
493,399999999999 50,9595663116397 
493,599999999999 50,534707546457 
493,799999999999 50,4970262749604 
493,999999999999 51,0844283486581 
494,199999999999 50,6965497122105 
494,399999999999 50,545964254933 
494,599999999999 50,2947820618685 
494,799999999999 49,5521674639769 
494,999999999999 50,1634303947189 
495,199999999999 49,758399727124 
495,399999999999 49,6894424245661 
495,599999999999 49,60275135363 
495,799999999999 49,8181457701272 
495,999999999999 49,6238646735674 
496,199999999999 49,4275544271679 
496,399999999999 49,2415180292229 
496,599999999999 49,0703388452408 
496,799999999999 49,0136124616145 
496,999999999999 49,1095285146575 
497,199999999999 49,1963350125642 
497,399999999999 48,9574429540208 
497,599999999999 48,9695016313477 
497,799999999999 48,4007423853111 
497,999999999999 47,8245932034443 
498,199999999999 47,9305025939915 
498,399999999999 48,1390549049551 
498,599999999999 48,3315905531013 
498,799999999999 48,2052387751169 
498,999999999999 48,0121861672809 
499,199999999999 47,7333282001919 
499,399999999999 47,8972463004807 
499,599999999999 47,8709795388583 
499,799999999999 47,7829892413427 
499,999999999999 47,4306066671364 
500,199999999999 47,3601243840807 
500,399999999999 47,2678648249869 
500,599999999999 47,4234009994045 
500,799999999999 47,4654807745452 
500,999999999999 47,5814726125055 
501,199999999999 47,3012757768428 
501,399999999999 47,0323422218113 
501,599999999999 46,5323569689307 
501,799999999999 46,6690399888942 
501,999999999999 46,7039277986168 
502,199999999999 46,9774438664046 
502,399999999999 46,6030312116385 
502,599999999999 46,8114287021508 
502,799999999999 46,2673004422127 
502,999999999999 46,2163500595205 
503,199999999999 46,0283284341797 
503,399999999999 46,0842937198471 
503,599999999999 46,1403622327732 
503,799999999999 45,7681880847496 
503,999999999999 46,0689042271099 
504,199999999999 46,0443032311659 
504,399999999999 45,4618670043182 
504,599999999999 45,9680657474173 
504,799999999999 46,0804892562636 
504,999999999999 45,2650778884255 
505,199999999999 45,7464851833941 
505,399999999999 45,4761767629094 
505,599999999999 44,6019836100648 
505,799999999999 45,0893831185729 
505,999999999999 45,5676259361582 
506,199999999999 44,8276001737071 
506,399999999998 44,6881089676461 
506,599999999998 45,5695330835419 
506,799999999998 45,1762007934238 
506,999999999998 44,281340610177 
507,199999999998 44,6904766756993 
507,399999999998 45,3029879084252 
507,599999999998 44,8985491256031 
507,799999999998 43,6167816568909 
507,999999999998 44,4301240878762 
508,199999999998 44,9259191131197 
508,399999999998 44,5890987398667 
508,599999999998 43,4653880788126 
508,799999999998 44,2973617001202 
508,999999999998 45,4151047430603 
509,199999999998 44,7802818214342 
509,399999999998 42,8250567615743 
509,599999999998 43,4750214051135 
509,799999999998 44,2097864483723 
509,999999999998 44,5178659639314 
510,199999999998 43,851129656445 
510,399999999998 42,4298623904947 
510,599999999998 43,4921930192395 
510,799999999998 44,8823590038756 
510,999999999998 44,6199032692248 
511,199999999998 42,5893119497914 
511,399999999998 42,2579773223666 
511,599999999998 43,4600380944069 
511,799999999998 44,5127701273703 
511,999999999998 44,9202763332847 
512,199999999998 42,8883859385391 
512,399999999998 41,9984741761704 
512,599999999998 42,8434595060032 
512,799999999998 44,3347692456669 
512,999999999998 44,936111917854 
513,199999999998 43,2980881952637 
513,399999999998 41,2433827665574 
513,599999999999 42,4614339551675 
513,799999999999 44,1201739190931 
513,999999999999 45,3352816284977 
514,199999999999 44,6742633539232 
514,399999999999 41,4292643721479 
514,599999999999 41,1238469649438 
514,799999999999 42,6688177425052 
514,999999999999 44,1531907452554 
515,199999999999 45,4863039102463 
515,399999999999 44,3669823215851 
515,599999999999 41,1332193999363 
515,799999999999 41,1254438593534 
515,999999999999 42,3573499989879 
516,199999999999 43,499292805965 
516,399999999999 45,2612745648021 
516,599999999999 45,4653116947606 
516,799999999999 42,3398971722262 
516,999999999999 40,3433496230388 
517,199999999999 41,9576923772346 
517,399999999999 43,4906369601962 
517,599999999999 44,7167226791513 
517,8 45,5327331126915 
518 43,3085754294994 
518,2 39,7382814013958 
518,4 40,7904239019085 
518,6 42,8542513504978 
518,8 44,0577595129312 
519 44,883083458177 
519,2 45,0151460066951 
519,4 42,0300805107354 
519,6 39,1821133437246 
519,8 41,1126715096001 
520 42,5124056626028 
520,2 43,5375782007865 
520,4 45,0194803946018 
520,6 45,7914934846534 
520,8 42,6821601460955 
521 38,7257687329069 
521,2 40,1655953129882 
521,4 42,2089667997247 
521,6 43,6440632559416 
521,8 44,8739606146917 
522 46,1369790982588 
522,200000000001 44,2393092114049 
522,400000000001 39,1523737160313 
522,600000000001 39,0593881663492 
522,800000000001 40,6657744018322 
523,000000000001 42,3373495160039 
523,200000000001 44,1639777625865 
523,400000000001 45,5553290414966 
523,600000000001 46,1810257076914 
523,800000000001 42,597978434572 
524,000000000001 37,6655287334512 
524,200000000001 39,0280936476837 
524,400000000001 41,1851728962003 
524,600000000001 42,6162109900232 
524,800000000001 44,1518585983986 
525,000000000001 45,6045416219582 
525,200000000001 46,4305204523049 
525,400000000001 43,5321627715345 
525,600000000001 37,8969002556423 
525,800000000001 38,682813949839 
526,000000000001 40,5549766487818 
526,200000000001 42,0125900657287 
526,400000000001 43,4130856264116 
526,600000000002 44,936778161375 
526,800000000002 46,7510691397761 
527,000000000002 46,1532618070865 
527,200000000002 41,1028727484273 
527,400000000002 37,9349831304353 
527,600000000002 39,4509274406763 
527,800000000002 41,1946567636711 
528,000000000002 42,9678450099422 
528,200000000002 44,747328144134 
528,400000000002 46,2686584806472 
528,600000000002 47,5803165092564 
528,800000000002 45,4413138960044 
529,000000000002 39,3184494295424 
529,200000000002 38,0489013452399 
529,400000000002 40,155496986148 
529,600000000002 42,1448863128779 
529,800000000002 43,9046998634667 
530,000000000002 45,6525007610044 
530,200000000002 47,3055486846908 
530,400000000002 48,2230627293477 
530,600000000002 46,1430977558932 
530,800000000002 39,7744428716306 
531,000000000003 37,6353090682857 
531,200000000003 39,9385278340685 
531,400000000003 42,3913938991755 
531,600000000003 43,9041750460449 
531,800000000003 46,0712469853242 
532,000000000003 47,8904041909463 
532,200000000003 49,3653529187875 
532,400000000003 49,1106484086274 
532,600000000003 43,5716328201369 
532,800000000003 37,604083848418 
533,000000000003 39,3979628967314 
533,200000000003 41,9844524949528 
533,400000000003 43,6393253272179 
533,600000000003 45,3565791385353 
533,800000000003 46,9923487303275 
534,000000000003 48,19446971372 
534,200000000003 49,6598737286577 
534,400000000003 49,0270425808623 
534,600000000003 42,9219180731796 
534,800000000003 38,1310327120737 
535,000000000003 39,9477131085285 
535,200000000003 42,2716971617489 
535,400000000004 44,6680914132664 
535,600000000004 46,0166087200155 
535,800000000004 47,0686457724097 
536,000000000004 48,2822715065208 
536,200000000004 50,1119170206291 
536,400000000004 51,0069955738383 
536,600000000004 45,8974318318602 
536,800000000004 38,5792327113666 
537,000000000004 39,2927272989967 
537,200000000004 41,3145993421845 
537,400000000004 43,0927113629431 
537,600000000004 44,1664886151991 
537,800000000004 45,6999279142619 
538,000000000004 48,270987849855 
538,200000000004 50,2168148001006 
538,400000000004 51,416695505719 
538,600000000004 49,9645218724981 
538,800000000004 43,087760137276 
539,000000000004 37,9661225214438 
539,200000000004 39,4255255326272 
539,400000000004 40,8520832536919 
539,600000000004 42,880878777573 
539,800000000005 45,5261051481098 
540,000000000005 47,8057237679264 
540,200000000005 49,3817029224712 
540,400000000005 50,888418258893 
540,600000000005 52,0723004374004 
540,800000000005 49,7856432965743 
541,000000000005 42,0922114987277 
541,200000000005 37,7672933009212 
541,400000000005 39,5272933572121 
541,600000000005 42,0934628166437 
541,800000000005 44,2847599292359 
542,000000000005 45,8699759293824 
542,200000000005 48,0934157774068 
542,400000000005 49,6587207459972 
542,600000000005 50,8785273239003 
542,800000000005 51,843158742489 
543,000000000005 50,6399078539841 
543,200000000005 44,608273164349 
543,400000000005 38,0733480642398 
543,600000000005 39,6071376203955 
543,800000000005 42,0914704355525 
544,000000000005 43,871256881494 
544,200000000006 45,8621523398624 
544,400000000006 49,0954555935888 
544,600000000006 50,2608730836622 
544,800000000006 51,1221004575847 
545,000000000006 51,2568996892477 
545,200000000006 51,1350599519 
545,400000000006 50,7295967369637 
545,600000000006 44,961122882308 
545,800000000006 39,3973639116193 
546,000000000006 40,5146969388587 
546,200000000006 42,7843635092015 
546,400000000006 45,1754505885363 
546,600000000006 47,2138476266685 
546,800000000006 49,3295270228551 
547,000000000006 50,7694131597287 
547,200000000006 50,7230322610145 
547,400000000006 50,3906417383721 
547,600000000006 51,5617705721064 
547,800000000006 52,4487502194944 
548,000000000006 47,6949245721038 
548,200000000006 41,3428233021875 
548,400000000006 41,9891132967116 
548,600000000007 44,1686303057381 
548,800000000007 46,1971307519801 
549,000000000007 48,1632666179025 
549,200000000007 50,2013061708668 
549,400000000007 51,1942957840974 
549,600000000007 50,3906056817467 
549,800000000007 49,5071444937778 
550,000000000007 51,0290778692743 
550,200000000007 52,8690829984998 
550,400000000007 51,7700325986348 
550,600000000007 45,9136267509086 
550,800000000007 42,8659864668002 
551,000000000007 44,9947577560454 
551,200000000007 47,203566523183 
551,400000000007 48,9356467603537 
551,600000000007 50,1911615794252 
551,800000000007 51,2058966059748 
552,000000000007 50,6701784243102 
552,200000000007 49,7257796678248 
552,400000000007 51,0222141874833 
552,600000000007 53,0682552418964 
552,800000000007 54,6328628514567 
553,000000000008 53,2412997671802 
553,200000000008 47,3178128398057 
553,400000000008 44,4834026962384 
553,600000000008 46,6351020628117 
553,800000000008 48,1525059188264 
554,000000000008 50,2479973941768 
554,200000000008 52,4442370412673 
554,400000000008 52,1492511805587 
554,600000000008 50,2100202706752 
554,800000000008 50,7085262164465 
555,000000000008 52,2513570358778 
555,200000000008 53,5162049745639 
555,400000000008 55,2498548124329 
555,600000000008 56,1757083281898 
555,800000000008 52,2455706072287 
556,000000000008 47,1230314408756 
556,200000000008 47,5953996082383 
556,400000000008 49,6602877051811 
556,600000000008 51,407533721407 
556,800000000008 53,4080653694912 
557,000000000008 53,4485664920798 
557,200000000008 50,4967949978626 
557,400000000009 49,9037523578708 
557,600000000009 51,7211150538287 
557,800000000009 53,5864298050884 
558,000000000009 55,2193905022525 
558,200000000009 56,3183421503057 
558,400000000009 57,800344234943 
558,600000000009 52,7830356105574 
558,800000000009 49,2840196366139 
559,000000000009 50,0711509543575 
559,200000000009 52,6345513333487 
559,400000000009 54,4214163128293 
559,600000000009 54,4615766056073 
559,800000000009 51,0232833615802 
560,000000000009 49,4254348455421 
560,200000000009 51,8459277148065 
560,400000000009 53,4444508897049 
560,600000000009 54,9335386603254 
560,800000000009 56,3872589694921 
561,000000000009 58,2266885958117 
561,200000000009 60,1470586826539 
561,400000000009 57,2183497091678 
561,600000000009 52,4225899868818 
561,80000000001 52,5155638532307 
562,00000000001 54,8554416243026 
562,20000000001 56,4895333971324 
562,40000000001 55,3357207681632 
562,60000000001 51,1376408280672 
562,80000000001 49,5012420667755 
563,00000000001 51,6148002983299 
563,20000000001 53,5364712453602 
563,40000000001 55,0494108991964 
563,60000000001 56,6629019407303 
563,80000000001 58,5047657116751 
564,00000000001 60,3828744523136 
564,20000000001 61,6381477481972 
564,40000000001 59,4590754781382 
564,60000000001 55,5072587224026 
564,80000000001 55,225840465709 
565,00000000001 56,9780937184682 
565,20000000001 57,2770265415938 
565,40000000001 53,0038971283648 
565,60000000001 49,8761137469051 
565,80000000001 51,653502792139 
566,00000000001 53,4839662123647 
566,200000000011 55,3342083366736 
566,400000000011 56,8372962337293 
566,600000000011 58,0563708521207 
566,800000000011 59,4544267935959 
567,000000000011 61,1696152696216 
567,200000000011 62,9594502455561 
567,400000000011 62,5723712756588 
567,600000000011 59,7124400494179 
567,800000000011 58,1226466047341 
568,000000000011 58,5839318621671 
568,200000000011 57,0485555493726 
568,400000000011 52,7865153081664 
568,600000000011 51,5256610799176 
568,800000000011 53,6027859408402 
569,000000000011 55,5102292919385 
569,200000000011 57,0789632355628 
569,400000000011 58,297586300271 
569,600000000011 59,6248228566188 
569,800000000011 60,9694704846519 
570,000000000011 62,1339627889971 
570,200000000011 63,3148446784941 
570,400000000011 64,7565851535043 
570,600000000012 62,867511514603 
570,800000000012 60,2864877407968 
571,000000000012 61,01509314905 
571,200000000012 59,7611128709974 
571,400000000012 55,2257418817794 
571,600000000012 53,0246862689157 
571,800000000012 54,587161499093 
572,000000000012 56,3968406543496 
572,200000000012 57,2610613417779 
572,400000000012 58,7738403543197 
572,600000000012 60,0304646602186 
572,800000000012 61,3440388299564 
573,000000000012 62,4215819245908 
573,200000000012 63,4563502833361 
573,400000000012 64,6064654221782 
573,600000000012 65,6418553237311 
573,800000000012 65,6643642460425 
574,000000000012 64,0713001092645 
574,200000000012 63,7787504783296 
574,400000000012 61,7703994802941 
574,600000000012 57,0186054763413 
574,800000000012 56,0085498628129 
575,000000000013 57,5549350361028 
575,200000000013 57,7812801048238 
575,400000000013 57,7844683489324 
575,600000000013 58,9461781651293 
575,800000000013 60,6097840850117 
576,000000000013 62,8804105603247 
576,200000000013 64,5122067579029 
576,400000000013 64,8434432807604 
576,600000000013 65,8074016402636 
576,800000000013 67,2103684874854 
577,000000000013 68,4144321266356 
577,200000000013 67,9678843028861 
577,400000000013 66,4055498486292 
577,600000000013 63,6819843290604 
577,800000000013 59,3118184208322 
578,000000000013 58,1564069227059 
578,200000000013 58,9766843881954 
578,400000000013 58,5635546863318 
578,600000000013 58,8928653862147 
578,800000000013 60,3680403073846 
579,000000000013 61,870284031911 
579,200000000013 63,2374755955976 
579,400000000014 64,6261127957754 
579,600000000014 66,3674167800335 
579,800000000014 67,3417230711437 
580,000000000014 68,0628633724801 
580,200000000014 69,1391927003023 
580,400000000014 69,8214919933902 
580,600000000014 69,8072973005641 
580,800000000014 68,3601489477654 
581,000000000014 63,9780057358726 
581,200000000014 60,5697894630827 
581,400000000014 60,7537755149402 
581,600000000014 59,544173776283 
581,800000000014 59,2846843221338 
582,000000000014 60,3733080783966 
582,200000000014 62,2557273253954 
582,400000000014 63,8994877805104 
582,600000000014 65,1390516751156 
582,800000000014 66,5945835865094 
583,000000000014 67,7639318095831 
583,200000000014 68,2846041575403 
583,400000000014 69,0472785040906 
583,600000000014 69,7475667240914 
583,800000000015 70,6383413011175 
584,000000000015 71,9158965972434 
584,200000000015 72,0292690666711 
584,400000000015 68,2625574710554 
584,600000000015 64,1490562135164 
584,800000000015 62,4271063598627 
585,000000000015 61,1331978579962 
585,200000000015 60,9891981910668 
585,400000000015 62,5310232016673 
585,600000000015 63,8937749950044 
585,800000000015 65,1424940834636 
586,000000000015 66,3658019284187 
586,200000000015 67,4544630334227 
586,400000000015 69,8611480913074 
586,600000000015 69,4566337383918 
586,800000000015 69,9654657544226 
587,000000000015 70,9940680465769 
587,200000000015 71,8432441462601 
587,400000000015 72,6848909782899 
587,600000000015 72,849854920913 
587,800000000015 72,5104922572683 
588,000000000015 69,3369040308441 
588,200000000016 64,8849749993138 
588,400000000016 62,0609396705912 
588,600000000016 62,1831537916967 
588,800000000016 63,9033565622873 
589,000000000016 64,5487517708906 
589,200000000016 65,6590821457913 
589,400000000016 66,9824597064196 
589,600000000016 67,7796802977877 
589,800000000016 68,5330640805951 
590,000000000016 69,6029009067678 
590,200000000016 70,7437374538205 
590,400000000016 71,6222591160863 
590,600000000016 72,8486642841823 
590,800000000016 73,5914215791486 
591,000000000016 73,8674198152237 
591,200000000016 74,1394130957922 
591,400000000016 74,2408414307958 
591,600000000016 71,5624385974985 
591,800000000016 65,7955593823528 
592,000000000016 63,0401149952483 
592,200000000016 64,0903651279723 
592,400000000016 65,3884453789307 
592,600000000017 66,0952559036766 
592,800000000017 67,0898987598107 
593,000000000017 68,4919273798917 
593,200000000017 69,4931476223631 
593,400000000017 70,4607493654806 
593,600000000017 71,4201065454276 
593,800000000017 71,7726969939399 
594,000000000017 73,0141865762737 
594,200000000017 73,5656281485462 
594,400000000017 74,0220309186539 
594,600000000017 74,8700451017381 
594,800000000017 75,3593387678592 
595,000000000017 75,547832942482 
595,200000000017 75,0914916791744 
595,400000000017 67,0293730370566 
595,600000000017 66,0129049972639 
595,800000000017 65,7374922533926 
596,000000000017 66,2624474927793 
596,200000000017 67,0621956638697 
596,400000000017 68,6326021004803 
596,600000000017 69,8741259607567 
596,800000000017 70,3806661248395 
597,000000000018 71,3959120559184 
597,200000000018 72,2610777876997 
597,400000000018 72,6870615183234 
597,600000000018 73,5223500802756 
597,800000000018 74,196013203665 
598,000000000018 74,6124456152696 
598,200000000018 75,3494077675267 
598,400000000018 75,9711912579326 
598,600000000018 76,228222408545 
598,800000000018 76,5075858496569 
599,000000000018 75,3048075740351 
599,200000000018 70,3181680392128 
599,400000000018 66,9644650571726 
599,600000000018 67,614630739475 
599,800000000018 68,5854621972641 
600,000000000018 69,8783387355294 
600,200000000018 71,1659264092897 
600,400000000018 71,5688157489202 
600,600000000018 72,1346520408858 
600,800000000018 72,8344544037241 
601,000000000018 73,457256866757 
601,200000000018 73,7336752778165 
601,400000000019 74,1981142303561 
601,600000000019 74,6911509300157 
601,800000000019 75,3097321074928 
602,000000000019 76,1717194315657 
602,200000000019 76,8466409408925 
602,400000000019 76,9917902437465 
602,600000000019 77,3529617510395 
602,800000000019 77,2771248504524 
603,000000000019 73,2806150666351 
603,200000000019 69,301975013996 
603,400000000019 69,2762039865643 
603,600000000019 70,4084564968696 
603,800000000019 70,8268393232048 
604,000000000019 71,0523614094372 
604,200000000019 72,2240139746718 
604,400000000019 72,8927870125353 
604,600000000019 73,8544502917444 
604,800000000019 74,5959161515934 
605,000000000019 74,6045357202755 
605,200000000019 75,1411549808242 
605,400000000019 75,719633088144 
605,600000000019 76,3927966323422 
605,80000000002 76,9085600371166 
606,00000000002 77,4573137989703 
606,20000000002 77,8409831154381 
606,40000000002 77,6524399725458 
606,60000000002 78,0860326575907 
606,80000000002 76,1233452669695 
607,00000000002 72,551996122973 
607,20000000002 70,9695378721996 
607,40000000002 70,7618078160033 
607,60000000002 71,8487203704305 
607,80000000002 72,9197332153026 
608,00000000002 73,3048996275664 
608,20000000002 73,9212929513198 
608,40000000002 74,3649235890156 
608,60000000002 75,3261268546045 
608,80000000002 76,2338037781463 
609,00000000002 76,4341411896581 
609,20000000002 76,3795571656486 
609,40000000002 76,8064134421571 
609,60000000002 77,6159318024476 
609,80000000002 77,5329161334306 
610,00000000002 77,1697027108583 
610,200000000021 77,816365889404 
610,400000000021 78,0758272002665 
610,600000000021 77,6924637735355 
610,800000000021 76,0321211402984 
611,000000000021 73,4310434434555 
611,200000000021 73,0376908524193 
611,400000000021 73,2223309913074 
611,600000000021 73,1007655787081 
611,800000000021 73,8604254595737 
612,000000000021 74,9435610263053 
612,200000000021 75,1170277652609 
612,400000000021 75,3701128183975 
612,600000000021 75,6872545390391 
612,800000000021 76,1171047721677 
613,000000000021 76,8825681331553 
613,200000000021 77,1037291713293 
613,400000000021 77,5885276481593 
613,600000000021 78,3675620109915 
613,800000000021 78,8451882610892 
614,000000000021 78,6358266794204 
614,200000000021 78,5454953123492 
614,400000000021 78,7262615760624 
614,600000000022 78,4684038604873 
614,800000000022 76,5829334496199 
615,000000000022 75,4416760815962 
615,200000000022 74,6399475478337 
615,400000000022 73,826660744068 
615,600000000022 74,2025768105427 
615,800000000022 74,929580319475 
616,000000000022 75,515923805736 
616,200000000022 75,863872825923 
616,400000000022 76,196422869136 
616,600000000022 76,569451823001 
616,800000000022 77,0749620972649 
617,000000000022 77,8297751926799 
617,200000000022 77,9983958648946 
617,400000000022 78,1554426017136 
617,600000000022 79,0160426679882 
617,800000000022 79,0477994187921 
618,000000000022 79,3207921860955 
618,200000000022 79,0234812589231 
618,400000000022 79,4862951363853 
618,600000000022 78,787467763218 
618,800000000022 77,7798142430017 
619,000000000023 76,0032552988938 
619,200000000023 75,6632252734425 
619,400000000023 75,6938071328096 
619,600000000023 75,4591512745908 
619,800000000023 75,2349241740319 
620,000000000023 76,0425941694312 
620,200000000023 76,8664745692653 
620,400000000023 77,3496624295373 
620,600000000023 77,5957501312077 
620,800000000023 77,5621859617415 
621,000000000023 77,9552987719698 
621,200000000023 78,0452011021076 
621,400000000023 78,639647137284 
621,600000000023 78,8300677806695 
621,800000000023 79,0652418233789 
622,000000000023 78,9673839770791 
622,200000000023 79,46621096522 
622,400000000023 79,8858365205103 
622,600000000023 79,6020813415432 
622,800000000023 78,8296789109999 
623,000000000023 78,4050096928633 
623,200000000023 77,694578186504 
623,400000000024 76,8394329833678 
623,600000000024 76,6269549087494 
623,800000000024 76,8683948377793 
624,000000000024 77,1261451697634 
624,200000000024 76,8945798239827 
624,400000000024 77,0182780231521 
624,600000000024 77,4827653941727 
624,800000000024 78,035964053113 
625,000000000024 78,4127708614232 
625,200000000024 78,3852437190911 
625,400000000024 78,6450491000931 
625,600000000024 78,8481916692397 
625,800000000024 78,9840335411312 
626,000000000024 78,9905576488094 
626,200000000024 79,4690914700007 
626,400000000024 79,7072446287184 
626,600000000024 79,7038444990635 
626,800000000024 79,683480508338 
627,000000000024 79,2562762550088 
627,200000000024 78,7862086859966 
627,400000000024 78,8617607114442 
627,600000000024 78,2292425443029 
627,800000000025 77,4333743556446 
628,000000000025 77,7500447825506 
628,200000000025 77,8541193740796 
628,400000000025 77,954697268718 
628,600000000025 78,1883925828323 
628,800000000025 78,4898838601888 
629,000000000025 78,9122741493643 
629,200000000025 78,5441012533684 
629,400000000025 78,5457105949491 
629,600000000025 78,3701349821832 
629,800000000025 78,6259214793582 
630,000000000025 79,2284547842839 
630,200000000025 79,6339125711829 
630,400000000025 79,6680449952845 
630,600000000025 79,911225070704 
630,800000000025 79,9261604643986 
631,000000000025 79,573846460982 
631,200000000025 79,9795966107949 
631,400000000025 80,1161621256107 
631,600000000025 79,1289781436376 
631,800000000025 78,8849387593137 
632,000000000025 78,8072287867329 
632,200000000026 78,5521491357951 
632,400000000026 78,7035649578532 
632,600000000026 78,3587262444591 
632,800000000026 78,2908553324853 
633,000000000026 77,7715343222044 
633,200000000026 78,1179477770308 
633,400000000026 78,5406901925849 
633,600000000026 78,8841301569964 
633,800000000026 79,1377764630421 
634,000000000026 79,3352620345619 
634,200000000026 79,4493960489537 
634,400000000026 79,6205475794725 
634,600000000026 79,7387046886974 
634,800000000026 79,8788986131474 
635,000000000026 79,8776853452384 
635,200000000026 79,650969613599 
635,400000000026 79,3091748262234 
635,600000000026 79,1914817729191 
635,800000000026 79,6590319190402 
636,000000000026 79,2817120313208 
636,200000000026 78,248061742649 
636,400000000026 78,5632839623149 
636,600000000027 79,1878113748395 
636,800000000027 79,0531263376343 
637,000000000027 78,5460494787768 
637,200000000027 78,4994299575946 
637,400000000027 78,9972615107423 
637,600000000027 79,2384307396175 
637,800000000027 79,7632655183483 
638,000000000027 79,715638875188 
638,200000000027 79,9376336940017 
638,400000000027 79,5916199669198 
638,600000000027 79,5023671990141 
638,800000000027 79,3041578854031 
639,000000000027 79,6301964690911 
639,200000000027 79,5440923815702 
639,400000000027 79,8557454478776 
639,600000000027 79,9328637055313 
639,800000000027 79,7268936272608 
640,000000000027 79,3820048731929 
640,200000000027 79,3983394823352 
640,400000000027 79,7427603411375 
640,600000000027 79,8833225680875 
640,800000000027 79,1369728262405 
641,000000000028 78,9201513372131 
641,200000000028 78,7033354742619 
641,400000000028 78,9669715306987 
641,600000000028 79,4877791764058 
641,800000000028 79,1096479485163 
642,000000000028 79,2002696818925 
642,200000000028 79,5338492608863 
642,400000000028 79,4681295253012 
642,600000000028 79,479669963295 
642,800000000028 79,76561501609 
643,000000000028 79,6906548691491 
643,200000000028 79,8779381609973 
643,400000000028 79,888833717236 
643,600000000028 80,2858420349028 
643,800000000028 79,8600085036494 
644,000000000028 80,1929255313706 
644,200000000028 80,5873234953365 
644,400000000028 80,4353918627142 
644,600000000028 79,9068588369157 
644,800000000028 79,6851527305653 
645,000000000028 79,6759442521765 
645,200000000028 79,4118820509476 
645,400000000029 79,7554710199068 
645,600000000029 79,3748755636557 
645,800000000029 79,3433440390404 
646,000000000029 79,5531116425011 
646,200000000029 79,1044432198158 
646,400000000029 79,6966443079374 
646,600000000029 79,3599163869227 
646,800000000029 79,8879457722706 
647,000000000029 80,1547967222287 
647,200000000029 79,8190398202223 
647,400000000029 79,9115100466628 
647,600000000029 79,460757684482 
647,800000000029 79,5452813326812 
648,000000000029 80,0398195140108 
648,200000000029 80,3201807357963 
648,400000000029 80,5235542891072 
648,600000000029 79,7928552464462 
648,800000000029 79,8407934566877 
649,000000000029 80,1753494693395 
649,200000000029 79,7096616462239 
649,400000000029 78,7832380761199 
649,600000000029 79,871948292806 
649,80000000003 80,3361165741319 
650,00000000003 80,8228254995235 
650,20000000003 80,2829225953528 
650,40000000003 80,2270580646162 
650,60000000003 79,6140204306439 
650,80000000003 79,519602507547 
651,00000000003 79,6300576656824 
651,20000000003 79,8968737742989 
651,40000000003 79,2814732838924 
651,60000000003 79,3100494316721 
651,80000000003 79,2824827839894 
652,00000000003 79,3124044315375 
652,20000000003 79,9405243754906 
652,40000000003 80,4584344676532 
652,60000000003 80,0282761619773 
652,80000000003 80,2194292355431 
653,00000000003 80,1100652022278 
653,20000000003 80,0759462329702 
653,40000000003 79,4534290858664 
653,60000000003 79,4352068399159 
653,80000000003 80,4063563232257 
654,00000000003 79,8437281287549 
654,200000000031 79,9668749620644 
654,400000000031 80,1380365355766 
654,600000000031 79,9458493087879 
654,800000000031 79,3715756092059 
