Wavelength Trans 
nm % 
400 77,7462073526982 
400,2 77,8423116949442 
400,4 77,8314394248994 
400,6 77,3679963184465 
400,8 77,1524260440479 
401 78,1631666745857 
401,2 77,6486239659066 
401,4 77,7685760487155 
401,6 77,7877206406197 
401,8 77,9650865170255 
402 78,0179028312862 
402,2 77,3595661609086 
402,4 77,5175794503369 
402,6 78,126229565252 
402,8 76,8519822277513 
403 77,6740030893341 
403,2 78,0899334925261 
403,4 78,0908951116341 
403,6 78,002004588677 
403,8 77,9571012503621 
404 78,1627934685347 
404,2 77,5574309969936 
404,4 77,5496061755444 
404,6 78,0239245062339 
404,8 77,9894830234727 
405 77,5705291027551 
405,2 77,5891470714732 
405,4 77,726423688605 
405,6 77,4922574749696 
405,8 78,1458549380969 
406 77,9715925703491 
406,2 77,4373937629252 
406,4 78,3150027404696 
406,6 77,5601468035827 
406,8 77,3043125014958 
407 77,6988130521881 
407,2 77,8145014709935 
407,4 77,2042483546861 
407,6 77,6923696129304 
407,8 77,582200896845 
408 78,2741799652947 
408,2 76,9207151918143 
408,4 77,4486576233606 
408,6 77,4571047012399 
408,8 77,805702704295 
408,999999999999 77,5694402075175 
409,199999999999 77,543305721632 
409,399999999999 77,4335319006011 
409,599999999999 77,8562720989937 
409,799999999999 78,0193593592183 
409,999999999999 76,8410565481186 
410,199999999999 77,1939241305816 
410,399999999999 76,7551853866535 
410,599999999999 76,8735200425307 
410,799999999999 77,4520211179252 
410,999999999999 77,5734995198722 
411,199999999999 77,1407927051283 
411,399999999999 77,9765791954687 
411,599999999999 77,7155704296383 
411,799999999999 77,8456988564334 
411,999999999999 77,9805194865514 
412,199999999999 78,1012200626355 
412,399999999999 77,5510124886258 
412,599999999999 77,2930296311438 
412,799999999999 77,6256195730767 
412,999999999999 77,2067203525269 
413,199999999999 77,0326594654396 
413,399999999999 76,9963622109469 
413,599999999999 76,8647994759552 
413,799999999999 77,1470111121513 
413,999999999999 77,9363228051038 
414,199999999999 77,3355897823809 
414,399999999999 77,2055353167636 
414,599999999999 76,9962859110779 
414,799999999999 77,8035444368601 
414,999999999999 77,5595929468255 
415,199999999999 77,2005633948236 
415,399999999999 76,9419855652866 
415,599999999999 77,2267021701554 
415,799999999999 77,7821144592264 
415,999999999999 77,8485487015565 
416,199999999999 76,7464288056175 
416,399999999999 77,2940743213298 
416,599999999999 77,666586080061 
416,799999999999 77,3798435348967 
416,999999999999 76,8733068916032 
417,199999999999 77,1855781294366 
417,399999999999 77,2234086802194 
417,599999999999 77,1463941873643 
417,799999999999 77,3749700359885 
417,999999999999 77,335119236481 
418,199999999999 76,9175308525859 
418,399999999999 77,2825409191701 
418,599999999999 77,2062006011618 
418,799999999999 77,3258153053711 
418,999999999999 77,2274337849574 
419,199999999999 76,9627387251468 
419,399999999999 76,8114230440573 
419,599999999999 76,7316737545863 
419,799999999999 76,9240155918693 
419,999999999999 76,953385156421 
420,199999999999 76,7672373413926 
420,399999999999 76,631813602243 
420,599999999999 76,7677416184912 
420,799999999999 76,8218720073586 
420,999999999999 76,7765251997358 
421,199999999999 77,3885643492331 
421,399999999999 77,1590362182085 
421,599999999999 76,6091668001664 
421,799999999999 77,0332885221664 
421,999999999999 76,8595776826049 
422,199999999999 77,4558040414259 
422,399999999999 77,1852070572647 
422,599999999999 77,3430276559277 
422,799999999999 76,6846303424939 
422,999999999999 76,162116866481 
423,199999999999 77,0479190639836 
423,399999999999 76,9745819697063 
423,599999999999 76,8204907268347 
423,799999999999 76,4435790777887 
423,999999999999 76,3733436719186 
424,199999999999 76,5960833594317 
424,399999999999 76,5404369703909 
424,599999999999 76,9408554422122 
424,799999999999 77,2869888776049 
424,999999999999 76,9920865485633 
425,199999999999 76,9593491367324 
425,399999999999 76,6532005924268 
425,599999999999 76,7869294041416 
425,799999999999 76,0031766018567 
425,999999999999 75,5275877065855 
426,199999999999 76,9905646192916 
426,399999999998 76,3963529281294 
426,599999999998 76,7078569132702 
426,799999999998 76,5551862314005 
426,999999999998 76,5563764813927 
427,199999999998 76,3323082264762 
427,399999999998 76,7111048619289 
427,599999999998 75,9861354475652 
427,799999999998 75,7588749646055 
427,999999999998 75,7608080382686 
428,199999999998 76,3130354571071 
428,399999999998 76,0256615421799 
428,599999999998 76,1627982353647 
428,799999999998 76,327007908822 
428,999999999998 76,3861925315215 
429,199999999998 76,18688881321 
429,399999999998 75,2545716236241 
429,599999999998 75,9349684468834 
429,799999999998 76,0251953237346 
429,999999999998 76,6023840143584 
430,199999999998 75,4708679636697 
430,399999999998 75,9340452385709 
430,599999999998 76,1310611385262 
430,799999999998 75,6915572541546 
430,999999999998 76,120228149545 
431,199999999998 75,8373738248044 
431,399999999998 76,0067229918119 
431,599999999998 75,7529317780599 
431,799999999998 75,9597724152418 
431,999999999998 75,4533344194291 
432,199999999998 75,5103014968556 
432,399999999998 75,7987897779031 
432,599999999998 75,4142278652181 
432,799999999998 75,4973521444504 
432,999999999998 74,8993231297752 
433,199999999998 74,935876794432 
433,399999999998 75,3481952808937 
433,599999999998 74,6488307151709 
433,799999999998 74,9349889029048 
433,999999999998 75,8803954519392 
434,199999999998 74,8831640524813 
434,399999999998 74,6980533183211 
434,599999999998 74,8008029872091 
434,799999999998 75,4330076652923 
434,999999999998 75,287918004458 
435,199999999998 74,5187998712288 
435,399999999998 74,6542897576464 
435,599999999998 74,6535374106574 
435,799999999998 74,8940445192481 
435,999999999998 74,728291783659 
436,199999999998 74,3461705711918 
436,399999999998 74,2867291143669 
436,599999999998 74,431351008926 
436,799999999998 74,2433378398027 
436,999999999998 74,8868397960353 
437,199999999998 74,7217788683231 
437,399999999998 74,4004796589839 
437,599999999998 74,2107533216078 
437,799999999998 74,2179079043906 
437,999999999998 74,1125578027523 
438,199999999998 74,1566893397965 
438,399999999998 73,9483522542163 
438,599999999998 73,8391509132193 
438,799999999998 74,078746792928 
438,999999999998 74,0635920144666 
439,199999999998 73,5829512844631 
439,399999999998 74,0222537330725 
439,599999999998 74,1390486989466 
439,799999999998 74,038034256918 
439,999999999998 73,5942639076529 
440,199999999998 73,4722255202779 
440,399999999998 73,8288940161649 
440,599999999998 73,7614539784773 
440,799999999998 73,7766134245258 
440,999999999998 73,6610549973174 
441,199999999998 73,0392800031682 
441,399999999998 73,2382251108923 
441,599999999998 73,0438365237054 
441,799999999998 73,1944389293342 
441,999999999998 73,3193854318082 
442,199999999998 72,7538692027537 
442,399999999998 72,7805572924849 
442,599999999998 72,9674787164917 
442,799999999998 72,7965311876116 
442,999999999998 73,0080629568052 
443,199999999998 72,8488065949095 
443,399999999998 72,5755728397634 
443,599999999998 72,0246722231568 
443,799999999998 71,8949399276556 
443,999999999997 72,532482170563 
444,199999999997 72,3884222101747 
444,399999999997 72,8721459112095 
444,599999999997 72,871701853385 
444,799999999997 72,349230589554 
444,999999999997 71,9649559343401 
445,199999999997 72,135495787021 
445,399999999997 72,2935967311296 
445,599999999997 72,1187573829292 
445,799999999997 71,7595317715107 
445,999999999997 72,0289843800453 
446,199999999997 71,7495570470672 
446,399999999997 71,7790547682972 
446,599999999997 70,9514810596029 
446,799999999997 71,2619284705095 
446,999999999997 71,8105631538151 
447,199999999997 71,9210347684937 
447,399999999997 71,6174164324233 
447,599999999997 71,9338498465685 
447,799999999997 71,1017542883393 
447,999999999997 70,449548823335 
448,199999999997 70,9742415577676 
448,399999999997 71,115533365625 
448,599999999997 71,0084142043311 
448,799999999997 70,9600335656561 
448,999999999997 71,275832829424 
449,199999999997 70,5203629715631 
449,399999999997 70,961565246727 
449,599999999997 70,6108191363901 
449,799999999997 69,2971221983804 
449,999999999997 69,8026985642379 
450,199999999997 69,5126577514889 
450,399999999997 69,70850291702 
450,599999999997 70,0112062534536 
450,799999999997 69,460250414977 
450,999999999997 70,0863442934985 
451,199999999997 70,0411507016573 
451,399999999997 69,5595641974585 
451,599999999997 69,8869323245425 
451,799999999997 69,4422396989909 
451,999999999997 69,7879633014546 
452,199999999997 69,566331199387 
452,399999999997 69,4385729378309 
452,599999999997 69,2341471101483 
452,799999999997 69,6228083663573 
452,999999999997 69,2716059405436 
453,199999999997 68,5645122298138 
453,399999999997 68,9699721780037 
453,599999999997 68,5627794493421 
453,799999999997 68,3879947284393 
453,999999999997 68,8269836812758 
454,199999999997 68,4266759204485 
454,399999999997 68,7520153642916 
454,599999999997 68,0875408826239 
454,799999999997 67,5678923009758 
454,999999999997 67,6249346577945 
455,199999999997 67,4265681374633 
455,399999999997 67,457296913121 
455,599999999997 67,5091678906742 
455,799999999997 67,0344135938655 
455,999999999997 67,1141617255632 
456,199999999997 67,6581460246258 
456,399999999997 67,4426107512854 
456,599999999997 67,3680877834277 
456,799999999997 67,3954676933621 
456,999999999997 67,151464666189 
457,199999999997 66,5349644651618 
457,399999999997 66,5090976236026 
457,599999999997 66,8752646230963 
457,799999999997 66,9299048601198 
457,999999999997 66,7167110887008 
458,199999999997 65,5726297653071 
458,399999999997 65,730963387572 
458,599999999997 65,8773809520339 
458,799999999997 65,5664170624429 
458,999999999997 65,7357223628468 
459,199999999997 65,6213487041082 
459,399999999997 65,4037084426573 
459,599999999997 65,6806080126821 
459,799999999997 65,5905143202753 
459,999999999997 65,6878270547727 
460,199999999997 65,1726593809532 
460,399999999997 65,0866377535928 
460,599999999997 64,9267642274048 
460,799999999997 64,9574987582667 
460,999999999997 64,3857695347853 
461,199999999997 64,1736723855008 
461,399999999997 64,266942491112 
461,599999999996 64,1538017294957 
461,799999999996 64,2026969783216 
461,999999999996 64,0734106201499 
462,199999999996 63,9381073847655 
462,399999999996 63,4889151550315 
462,599999999996 63,4775669056429 
462,799999999996 63,5649478946939 
462,999999999996 62,9340284561998 
463,199999999996 63,3869767882422 
463,399999999996 63,1468596772099 
463,599999999996 62,7485145612622 
463,799999999996 62,7852328510101 
463,999999999996 62,6196104302668 
464,199999999996 62,3844119359089 
464,399999999996 62,5558099713194 
464,599999999996 62,3838065240919 
464,799999999996 62,103315295685 
464,999999999996 62,0555132393122 
465,199999999996 61,3183760529491 
465,399999999996 61,1981792506295 
465,599999999996 61,523275462806 
465,799999999996 61,1837613849007 
465,999999999996 61,188459049651 
466,199999999996 61,4515814777434 
466,399999999996 60,7318003194112 
466,599999999996 60,9481168664455 
466,799999999996 60,6836262620688 
466,999999999996 60,2881671368831 
467,199999999996 60,2942040712185 
467,399999999996 59,9694410551603 
467,599999999996 59,8709587520704 
467,799999999996 59,8034184463636 
467,999999999996 60,0215975012927 
468,199999999996 59,582266048038 
468,399999999996 59,7204591915362 
468,599999999996 59,3398471361514 
468,799999999996 59,1220718827076 
468,999999999996 58,9073255613314 
469,199999999996 59,1124132486679 
469,399999999996 58,684356172085 
469,599999999996 58,6844667654816 
469,799999999996 58,609233911773 
469,999999999996 58,1146379611188 
470,199999999996 57,9424162905023 
470,399999999996 57,7768130061361 
470,599999999996 58,0479783715979 
470,799999999996 57,4826256967432 
470,999999999996 57,7109136377425 
471,199999999996 57,067555981308 
471,399999999996 57,2284096599909 
471,599999999996 57,0209687234847 
471,799999999996 57,1233380661235 
471,999999999996 56,6315221774831 
472,199999999996 56,6049520088183 
472,399999999996 56,5088362397403 
472,599999999996 56,1342002967504 
472,799999999996 55,9472547974407 
472,999999999996 56,1743154257854 
473,199999999996 55,8591291427293 
473,399999999996 55,6049342725064 
473,599999999996 55,5186217731649 
473,799999999996 55,1914947051539 
473,999999999996 55,0472573692521 
474,199999999996 54,9706359112979 
474,399999999996 54,7957078961012 
474,599999999996 54,7808991018712 
474,799999999996 54,5880884573107 
474,999999999996 54,854071781112 
475,199999999996 54,8620377413408 
475,399999999996 54,1293248552248 
475,599999999996 53,9555337416457 
475,799999999996 53,9029542503378 
475,999999999996 53,7379154753092 
476,199999999996 53,7466568081833 
476,399999999996 53,7903332031844 
476,599999999996 53,6567293547005 
476,799999999996 53,2560528001779 
476,999999999996 53,2582733154624 
477,199999999996 53,1353649162869 
477,399999999996 52,8834194137213 
477,599999999996 52,3386236135362 
477,799999999996 52,2398209142772 
477,999999999996 52,2179528259163 
478,199999999996 51,836013599099 
478,399999999996 52,0549443131668 
478,599999999996 51,6657616533698 
478,799999999996 51,9355203119791 
478,999999999996 51,1778885066562 
479,199999999995 51,3068252019322 
479,399999999995 51,2843387308264 
479,599999999995 50,5776624564045 
479,799999999995 50,9070989244469 
479,999999999995 50,4460681230012 
480,199999999995 50,1928804126106 
480,399999999995 49,6566334745445 
480,599999999995 49,8893048321727 
480,799999999995 49,8236822770578 
480,999999999995 49,5724431314303 
481,199999999995 49,5318801845899 
481,399999999995 49,4202715245051 
481,599999999995 49,3714932133112 
481,799999999995 49,1355074963156 
481,999999999995 48,8844681017077 
482,199999999995 48,8634137670488 
482,399999999995 48,1257698438977 
482,599999999995 48,092827151687 
482,799999999995 48,1181685388211 
482,999999999995 48,4675303352734 
483,199999999995 48,690249499714 
483,399999999995 48,4749852540907 
483,599999999995 48,0957222976185 
483,799999999995 47,6200153954975 
483,999999999995 47,6551098524342 
484,199999999995 47,4908147430789 
484,399999999995 47,0512631082638 
484,599999999995 47,2289180980027 
484,799999999995 47,3938354889464 
484,999999999995 47,3152747443904 
485,199999999995 46,339161123944 
485,399999999995 46,3140386383638 
485,599999999995 46,3915328888379 
485,799999999995 46,3492994624014 
485,999999999995 46,1588111346193 
486,199999999995 46,0709341284859 
486,399999999995 45,9688010710234 
486,599999999995 46,1289814323384 
486,799999999995 45,3680386306183 
486,999999999995 44,8896903396988 
487,199999999995 45,1156412571641 
487,399999999995 45,0586799696742 
487,599999999995 44,7118914568226 
487,799999999995 44,7956592971361 
487,999999999995 44,5827767224897 
488,199999999995 44,4806290740908 
488,399999999995 44,4301741173062 
488,599999999995 44,3776513713285 
488,799999999995 44,1944751739832 
488,999999999995 44,1893990305848 
489,199999999995 43,7712342269765 
489,399999999995 43,2432529501338 
489,599999999995 43,3316109849945 
489,799999999995 43,6488095651602 
489,999999999995 42,9511620381673 
490,199999999995 42,6477918842512 
490,399999999995 42,8245511980321 
490,599999999995 42,4217475336207 
490,799999999995 42,5116911539591 
490,999999999995 42,0482351393039 
491,199999999995 42,3886023849984 
491,399999999995 42,0735842176184 
491,599999999995 42,2111797506754 
491,799999999995 41,7577171826164 
491,999999999995 42,0510308069817 
492,199999999995 41,6936611769903 
492,399999999995 41,6898967363107 
492,599999999995 41,8789684973066 
492,799999999995 41,8746937212018 
492,999999999995 41,5352141391468 
493,199999999995 40,9915606400244 
493,399999999995 40,9979271314277 
493,599999999995 41,1286837674768 
493,799999999995 40,4798970512236 
493,999999999995 40,3692409356914 
494,199999999995 40,8798213171719 
494,399999999995 40,5155661805116 
494,599999999995 39,8821266996736 
494,799999999995 39,9069379304899 
494,999999999995 39,7224111884698 
495,199999999995 39,7683872097923 
495,399999999995 39,5145310908777 
495,599999999995 39,4251327772928 
495,799999999995 39,3528783273064 
495,999999999995 39,051736750568 
496,199999999995 39,1162268237086 
496,399999999995 39,2536889008331 
496,599999999995 39,1831239100565 
496,799999999994 39,0301312829682 
496,999999999994 38,8959742724435 
497,199999999994 38,6768109004395 
497,399999999994 38,6492234014403 
497,599999999994 37,911254328821 
497,799999999994 37,8446980752364 
497,999999999994 38,0195422026637 
498,199999999994 37,8769174126391 
498,399999999994 37,4094692985924 
498,599999999994 37,7698844610776 
498,799999999994 37,8746592147855 
498,999999999994 37,5984113965544 
499,199999999994 37,3874086784888 
499,399999999994 37,7324487840299 
499,599999999994 37,5602354147876 
499,799999999994 37,1304006571942 
499,999999999994 36,8596887548312 
500,199999999994 36,5260813497743 
500,399999999994 36,5741588749957 
500,599999999994 36,6651066666526 
500,799999999994 36,5920895761486 
500,999999999994 36,5337296722137 
501,199999999994 36,5425172764133 
501,399999999994 36,6446005191092 
501,599999999994 36,2766013807616 
501,799999999994 36,1694220296591 
501,999999999994 36,2193393798625 
502,199999999994 36,1418259908566 
502,399999999994 35,5235767706981 
502,599999999994 35,7873564862811 
502,799999999994 35,5560065507406 
502,999999999994 35,4969938010349 
503,199999999994 35,1504031457376 
503,399999999994 35,3578507930625 
503,599999999994 35,3323439641082 
503,799999999994 35,138883198869 
503,999999999994 35,52914371362 
504,199999999994 34,8505770303886 
504,399999999994 34,7648661692826 
504,599999999994 35,0313931065958 
504,799999999994 34,242542236458 
504,999999999994 34,5224619139527 
505,199999999994 35,1223045937513 
505,399999999994 34,38179941404 
505,599999999994 34,0327082063925 
505,799999999994 34,5354993136708 
505,999999999994 34,7868589601009 
506,199999999994 34,0358221135862 
506,399999999994 34,3767922394265 
506,599999999994 34,7855344853098 
506,799999999994 34,0779775714707 
506,999999999994 33,6075353667103 
507,199999999994 34,1617681779534 
507,399999999994 34,4752478549225 
507,599999999994 33,439218633966 
507,799999999994 33,2054122092313 
507,999999999994 34,0646682325421 
508,199999999994 33,927693611064 
508,399999999994 33,1057902717326 
508,599999999994 32,7685712432437 
508,799999999994 33,4581581505032 
508,999999999994 34,532538993671 
509,199999999994 33,1292409228923 
509,399999999994 32,0968789846197 
509,599999999994 33,2301054809328 
509,799999999994 33,8875372630168 
509,999999999994 33,6253835314105 
510,199999999994 31,850864849202 
510,399999999994 31,8115952647739 
510,599999999994 33,2785645147312 
510,799999999994 34,6400506513113 
510,999999999994 33,4167971527519 
511,199999999994 31,4139657116393 
511,399999999994 32,0698540379986 
511,599999999994 32,8430730016564 
511,799999999994 33,3959273608307 
511,999999999994 32,7774087639537 
512,199999999994 30,9467198644509 
512,399999999994 31,6583900775593 
512,599999999994 32,9534097950456 
512,799999999994 34,5876929002889 
512,999999999994 33,8837315798984 
513,199999999994 30,9020431225474 
513,399999999994 30,8844420007601 
513,599999999994 32,4872247403728 
513,799999999994 34,0726615143883 
513,999999999994 34,1145835772434 
514,199999999994 32,3557976141349 
514,399999999994 30,274144002123 
514,599999999994 31,561597592442 
514,799999999994 32,4659898935639 
514,999999999994 33,7034331549478 
515,199999999994 34,758751365185 
515,399999999994 32,6330941571479 
515,599999999994 30,1650063283686 
515,799999999994 31,1668178888562 
515,999999999995 32,6800180055475 
516,199999999995 33,3866674914893 
516,399999999995 34,8584286994175 
516,599999999995 33,7907361065851 
516,799999999995 29,6361801634879 
516,999999999995 30,4862352263775 
517,199999999995 32,1239908734777 
517,399999999995 33,7156156358467 
517,599999999995 34,8283442980243 
517,799999999995 33,9342894244827 
517,999999999995 30,7691889229326 
518,199999999995 28,9181404560558 
518,399999999995 30,5810066807148 
518,599999999995 32,4326244865332 
518,799999999995 33,8893983182511 
518,999999999995 35,0559542275637 
519,199999999995 33,9773786656155 
519,399999999995 29,5183036854614 
519,599999999995 29,3069511212006 
519,799999999995 30,9892064750887 
519,999999999995 31,7366787635966 
520,199999999995 33,0511093432821 
520,399999999996 35,0139736507453 
520,599999999996 34,2155818176688 
520,799999999996 29,9055790443418 
520,999999999996 28,6554785307298 
521,199999999996 30,1745971695843 
521,399999999996 31,9745750415569 
521,599999999996 33,291972791886 
521,799999999996 34,5515660051604 
521,999999999996 34,7530545205856 
522,199999999996 30,9460189123675 
522,399999999996 27,3723130816956 
522,599999999996 29,1268486437128 
522,799999999996 30,7036553170872 
522,999999999996 32,3123089683264 
523,199999999996 34,4373340556366 
523,399999999996 36,0237020305044 
523,599999999996 34,3684370469604 
523,799999999996 28,8315193171581 
523,999999999996 27,2537726759074 
524,199999999996 29,2997184383354 
524,399999999996 31,0087764767058 
524,599999999996 32,4571824454152 
524,799999999997 33,9605812063367 
524,999999999997 35,6770853861161 
525,199999999997 34,6433232812827 
525,399999999997 29,7339485006374 
525,599999999997 26,7966807142231 
525,799999999997 28,753927152128 
525,999999999997 30,7980199649022 
526,199999999997 32,0806692542554 
526,399999999997 33,888238897644 
526,599999999997 35,2683976047103 
526,799999999997 35,9725999269351 
526,999999999997 33,4730443789439 
527,199999999997 27,324303003258 
527,399999999997 27,7529658105021 
527,599999999997 29,4107631632602 
527,799999999997 31,3343845874633 
527,999999999997 32,9870690233411 
528,199999999997 34,4333231052974 
528,399999999997 35,9356491722833 
528,599999999997 36,504974901331 
528,799999999997 32,2402827802861 
528,999999999997 26,9206038433507 
529,199999999998 28,6683049086408 
529,399999999998 30,7452972010293 
529,599999999998 32,2270770500281 
529,799999999998 33,5461567402364 
529,999999999998 35,3923486543737 
530,199999999998 37,0289148437862 
530,399999999998 37,9734908657687 
530,599999999998 33,8402051886366 
530,799999999998 27,140554314819 
530,999999999998 28,014695235461 
531,199999999998 30,3156654210182 
531,399999999998 32,8331054097536 
531,599999999998 34,3817017929244 
531,799999999998 36,5421051049224 
531,999999999998 38,0123539721009 
532,199999999998 39,2519284072077 
532,399999999998 36,6436982967227 
532,599999999998 29,0231473713785 
532,799999999998 27,2397191155013 
532,999999999998 29,7923058988607 
533,199999999998 32,6285768237895 
533,399999999998 34,6370718510118 
533,599999999999 36,1696049838418 
533,799999999999 38,1765849849832 
533,999999999999 39,0211760445942 
534,199999999999 39,6503850800775 
534,399999999999 36,4170094000611 
534,599999999999 29,1227231280816 
534,799999999999 28,0147328865178 
534,999999999999 30,3212815198033 
535,199999999999 33,1402516900193 
535,399999999999 35,4736115034846 
535,599999999999 36,3172111152047 
535,799999999999 37,2973440086827 
535,999999999999 38,9588838815483 
536,199999999999 40,8976188627513 
536,399999999999 39,1317051830807 
536,599999999999 31,2080861290395 
536,799999999999 27,2357086385838 
536,999999999999 29,8437761772706 
537,199999999999 31,9865669405776 
537,399999999999 33,1413665966971 
537,599999999999 34,4208228657412 
537,8 36,7851068967904 
538 38,4692616957077 
538,2 40,4674224478667 
538,4 41,6023359060466 
538,6 36,9255950094281 
538,8 28,1582604888716 
539 27,4529269914653 
539,2 29,672767080001 
539,4 31,4531743728402 
539,6 33,3764109737644 
539,8 35,7461811908163 
540 38,203418927277 
540,2 39,7285167221031 
540,4 41,4665271694568 
540,6 42,1878165279139 
540,8 35,7988891407232 
541 26,9380789596757 
541,2 27,2209819906406 
541,4 29,9480646663979 
541,6 32,6486500293304 
541,8 34,8176298341519 
542 36,4978192183346 
542,200000000001 38,4913585622102 
542,400000000001 40,6225206241703 
542,600000000001 41,5221512259195 
542,800000000001 41,3183050843287 
543,000000000001 37,3030609909956 
543,200000000001 29,8223108561296 
543,400000000001 27,4777368022394 
543,600000000001 29,9916385865198 
543,800000000001 32,139465446692 
544,000000000001 33,9443531464256 
544,200000000001 36,14120924035 
544,400000000001 39,1746308821376 
544,600000000001 40,7326874721902 
544,800000000001 41,1624295210878 
545,000000000001 40,2990483676776 
545,200000000001 40,7354997779514 
545,400000000001 38,0241422357997 
545,600000000001 30,7585914147576 
545,800000000001 29,0706741137515 
546,000000000001 31,1169021967672 
546,200000000001 33,516979924812 
546,400000000001 35,5071063721203 
546,600000000002 37,6600469237169 
546,800000000002 39,4979284150462 
547,000000000002 40,539836953627 
547,200000000002 39,8599892906692 
547,400000000002 39,7231064104419 
547,600000000002 42,0339305701826 
547,800000000002 40,9525238190474 
548,000000000002 33,995950277494 
548,200000000002 29,8142630956564 
548,400000000002 31,9726232371006 
548,600000000002 34,2551135813065 
548,800000000002 36,4644037004347 
549,000000000002 38,8144345815337 
549,200000000002 40,6658123551179 
549,400000000002 40,4802744032048 
549,600000000002 39,294777551697 
549,800000000002 39,9894922460292 
550,000000000002 41,6674249980428 
550,200000000002 43,2705109532353 
550,400000000002 39,0347855947839 
550,600000000002 31,9082164308028 
550,800000000002 32,876920524976 
551,000000000003 35,4424065382296 
551,200000000003 37,2867794169043 
551,400000000003 38,9287239163896 
551,600000000003 40,9364334171785 
551,800000000003 41,0811902667278 
552,000000000003 39,2871425568262 
552,200000000003 39,4789393874543 
552,400000000003 41,3731839840499 
552,600000000003 43,4995320685296 
552,800000000003 45,3377710485448 
553,000000000003 41,3225102572478 
553,200000000003 34,4692902363576 
553,400000000003 34,8160374618392 
553,600000000003 37,255364256964 
553,800000000003 39,337761480141 
554,000000000003 41,4598213262392 
554,200000000003 42,784879081272 
554,400000000003 41,2354439389813 
554,600000000003 39,360950734553 
554,800000000003 40,8877777794618 
555,000000000003 42,8048845850215 
555,200000000003 44,7664962107333 
555,400000000004 46,7324441019531 
555,600000000004 45,6769355506816 
555,800000000004 39,6080809636179 
556,000000000004 35,5159784970133 
556,200000000004 37,8147805309679 
556,400000000004 40,4770952600577 
556,600000000004 42,6817804722702 
556,800000000004 44,0051353194603 
557,000000000004 41,7780711179314 
557,200000000004 38,8869983893006 
557,400000000004 40,6241916560925 
557,600000000004 43,1181308273887 
557,800000000004 44,6625575029646 
558,000000000004 45,8937620890048 
558,200000000004 47,5452133364246 
558,400000000004 45,0926870955304 
558,600000000004 40,5476750483814 
558,800000000004 38,7772121169768 
559,000000000004 40,8383181944704 
559,200000000004 43,5571088608353 
559,400000000004 45,7630635219779 
559,600000000004 44,0290952890612 
559,800000000005 39,8935309326064 
560,000000000005 39,919553649891 
560,200000000005 41,9873178713302 
560,400000000005 43,8841746872831 
560,600000000005 45,800824500048 
560,800000000005 47,8473084719863 
561,000000000005 49,710195560375 
561,200000000005 50,0140714969458 
561,400000000005 45,6054150446931 
561,600000000005 41,9165878127453 
561,800000000005 43,7888498574965 
562,000000000005 45,4859632130666 
562,200000000005 46,8920281828686 
562,400000000005 43,7916329427238 
562,600000000005 38,8153349207595 
562,800000000005 39,5886260532961 
563,000000000005 42,3849999415421 
563,200000000005 44,459228853923 
563,400000000005 46,0822869013995 
563,600000000005 48,6139080586111 
563,800000000005 50,7850805400256 
564,000000000005 52,2230969194037 
564,200000000006 52,2329312414708 
564,400000000006 48,0264564549529 
564,600000000006 44,901301659601 
564,800000000006 47,0125632059387 
565,000000000006 48,9780395450456 
565,200000000006 46,1913336825343 
565,400000000006 40,5459715113034 
565,600000000006 39,5773455564789 
565,800000000006 41,9204467333319 
566,000000000006 44,3248537815375 
566,200000000006 46,5460208157006 
566,400000000006 48,2743385065995 
566,600000000006 50,0027674226228 
566,800000000006 51,9935196185628 
567,000000000006 53,4880176363974 
567,200000000006 54,5819458896342 
567,400000000006 52,2900220214523 
567,600000000006 48,8315839259265 
567,800000000006 49,0598080932492 
568,000000000006 50,2410645841312 
568,200000000006 46,5413186378282 
568,400000000006 41,2806200018468 
568,600000000007 42,3100953334964 
568,800000000007 44,2410726671228 
569,000000000007 45,7455890006978 
569,200000000007 47,466026568378 
569,400000000007 49,0555960668358 
569,600000000007 51,1074232991241 
569,800000000007 52,9948486327572 
570,000000000007 54,7214391663672 
570,200000000007 56,0110494455696 
570,400000000007 56,2589467539426 
570,600000000007 53,58483988211 
570,800000000007 51,5015559116122 
571,000000000007 52,7353372912804 
571,200000000007 48,920191581153 
571,400000000007 43,3582399854313 
571,600000000007 43,6674910275605 
571,800000000007 45,7310483007331 
572,000000000007 47,3238512605709 
572,200000000007 48,3763526592807 
572,400000000007 50,9945832303865 
572,600000000007 52,090722301564 
572,800000000007 53,5663006657857 
573,000000000008 55,1403379354631 
573,200000000008 56,1318862782237 
573,400000000008 57,3262309963777 
573,600000000008 58,7222583267564 
573,800000000008 57,3049664274003 
574,000000000008 55,5046340176817 
574,200000000008 55,0432096621448 
574,400000000008 49,6620756098696 
574,600000000008 45,3472669498506 
574,800000000008 46,7647059259555 
575,000000000008 48,2904680062511 
575,200000000008 48,6788281872766 
575,400000000008 49,2877523506739 
575,600000000008 51,0137601452208 
575,800000000008 52,9428457349814 
576,000000000008 54,8207614032315 
576,200000000008 56,3971429589453 
576,400000000008 57,6790978520384 
576,600000000008 59,3250564206547 
576,800000000008 60,8344090309772 
577,000000000008 61,3146459264463 
577,200000000008 59,8815240401135 
577,400000000009 58,4021275014952 
577,600000000009 53,482297799534 
577,800000000009 48,6500987013322 
578,000000000009 49,4700647232493 
578,200000000009 49,8983973890323 
578,400000000009 49,4148285102293 
578,600000000009 50,3752141955727 
578,800000000009 52,5633464948173 
579,000000000009 54,5457076256763 
579,200000000009 56,3762614378121 
579,400000000009 57,5289774478913 
579,600000000009 58,7485060202692 
579,800000000009 60,461366289231 
580,000000000009 61,934997591508 
580,200000000009 63,1000512888113 
580,400000000009 63,8220770108058 
580,600000000009 62,940893921023 
580,800000000009 59,4252422291019 
581,000000000009 54,1089647491869 
581,200000000009 51,9954764081545 
581,400000000009 50,4519141832956 
581,600000000009 50,3338142845692 
581,80000000001 50,8895167465279 
582,00000000001 52,7365389543099 
582,20000000001 54,6118990591933 
582,40000000001 56,2229991498325 
582,60000000001 57,939593617132 
582,80000000001 59,7161979561658 
583,00000000001 61,5211899951218 
583,20000000001 62,5606975849009 
583,40000000001 63,3451931004335 
583,60000000001 64,1606352214172 
583,80000000001 64,629218940571 
584,00000000001 65,4507984788635 
584,20000000001 64,7336856329431 
584,40000000001 59,4121181760584 
584,60000000001 55,3198476354336 
584,80000000001 53,1357519989374 
585,00000000001 52,0812699975877 
585,20000000001 53,6621593665902 
585,40000000001 55,1337950496738 
585,60000000001 56,6040071948963 
585,80000000001 58,3672101022849 
586,00000000001 60,3504476531663 
586,200000000011 61,5230525506314 
586,400000000011 62,830049064523 
586,600000000011 63,3292695356447 
586,800000000011 64,2431795304285 
587,000000000011 65,7160032010609 
587,200000000011 66,8952527155663 
587,400000000011 67,8698049594802 
587,600000000011 68,698320125599 
587,800000000011 66,3210114820268 
588,000000000011 60,9893432973825 
588,200000000011 55,4974393570399 
588,400000000011 53,202042231598 
588,600000000011 54,3711303129334 
588,800000000011 56,5720649037204 
589,000000000011 58,1412883569517 
589,200000000011 59,538850771198 
589,400000000011 60,7847737406318 
589,600000000011 61,9449689975867 
589,800000000011 63,2825974801663 
590,000000000011 64,0721440325434 
590,200000000011 65,2038040961946 
590,400000000011 66,7377470940101 
590,600000000012 68,108718371694 
590,800000000012 69,0229569327242 
591,000000000012 69,879382037992 
591,200000000012 70,3541017729425 
591,400000000012 69,0219154979492 
591,600000000012 62,7173476278799 
591,800000000012 56,7569400719659 
592,000000000012 55,9269176968286 
592,200000000012 56,8434977520662 
592,400000000012 58,2628415115881 
592,600000000012 59,872814319538 
592,800000000012 61,092096619988 
593,000000000012 62,612890065215 
593,200000000012 63,9460298743036 
593,400000000012 65,2049722972288 
593,600000000012 66,6353709859025 
593,800000000012 67,3603876183928 
594,000000000012 68,0415557432242 
594,200000000012 69,4379827189789 
594,400000000012 70,3767808589014 
594,600000000012 70,7441326883966 
594,800000000012 71,4791183827956 
595,000000000013 72,2198891027187 
595,200000000013 69,4313736063201 
595,400000000013 57,8892029223725 
595,600000000013 57,5961037976181 
595,800000000013 58,4744457197543 
596,000000000013 59,9760755475268 
596,200000000013 61,2499958532788 
596,400000000013 62,9889162467843 
596,600000000013 64,3688371944691 
596,800000000013 65,4005676580377 
597,000000000013 66,8705312939491 
597,200000000013 67,7682287632229 
597,400000000013 68,3721326879659 
597,600000000013 69,2746904721327 
597,800000000013 69,8113968576371 
598,000000000013 70,7317078858738 
598,200000000013 71,8667103874312 
598,400000000013 72,6048118811815 
598,600000000013 73,287557693454 
598,800000000013 73,5039763507869 
599,000000000013 68,8023031594133 
599,200000000013 61,9187641963602 
599,400000000014 60,0239061559667 
599,600000000014 61,0170549742435 
599,800000000014 62,5302224480055 
600,000000000014 64,2729257340211 
600,200000000014 65,3747091162715 
600,400000000014 66,3023012734417 
600,600000000014 67,298827338726 
600,800000000014 68,5289620426636 
601,000000000014 69,4811424196421 
601,200000000014 70,0364940161799 
601,400000000014 70,7782340278957 
601,600000000014 71,712373417707 
601,800000000014 72,5062552770273 
602,000000000014 73,3831905235196 
602,200000000014 73,7476067679987 
602,400000000014 73,7306759548291 
602,600000000014 74,1371503783417 
602,800000000014 71,3577899253102 
603,000000000014 65,365624993849 
603,200000000014 62,7528978089168 
603,400000000014 63,6713763423785 
603,600000000014 64,630984038015 
603,800000000015 65,4971384648817 
604,000000000015 66,7519732297531 
604,200000000015 67,6048697877604 
604,400000000015 68,4569932486075 
604,600000000015 69,66803985708 
604,800000000015 70,5650447544054 
605,000000000015 71,1970400053765 
605,200000000015 72,0317030630952 
605,400000000015 72,6999250341086 
605,600000000015 73,2535164750821 
605,800000000015 73,7756724316569 
606,000000000015 74,6072643494159 
606,200000000015 75,0759342697479 
606,400000000015 75,5739550599122 
606,600000000015 74,6714222220249 
606,800000000015 69,822037658047 
607,000000000015 66,1044767178319 
607,200000000015 65,4260539144861 
607,400000000015 65,5073271441437 
607,600000000015 66,6110228361775 
607,800000000015 67,7846076639048 
608,000000000015 69,1015489654116 
608,200000000016 69,9233882502047 
608,400000000016 70,3231868545159 
608,600000000016 71,5614805586615 
608,800000000016 71,8060877822503 
609,000000000016 72,4533084914098 
609,200000000016 73,3824796643008 
609,400000000016 74,1912224942001 
609,600000000016 75,0624187121878 
609,800000000016 75,5012039396203 
610,000000000016 75,7812645240288 
610,200000000016 76,4171214975419 
610,400000000016 76,4559150593545 
610,600000000016 74,273355689902 
610,800000000016 70,6184465554669 
611,000000000016 67,9446900182843 
611,200000000016 67,8013053825773 
611,400000000016 68,5310069150875 
611,600000000016 69,2238316433631 
611,800000000016 70,1963313399822 
612,000000000016 70,9635178291193 
612,200000000016 71,4846775792147 
612,400000000016 72,15177997746 
612,600000000017 72,8518935767657 
612,800000000017 73,5087399482903 
613,000000000017 74,1087555598464 
613,200000000017 74,525149329966 
613,400000000017 74,7505552006926 
613,600000000017 75,0828110195951 
613,800000000017 76,2052623462266 
614,000000000017 76,5073786170286 
614,200000000017 76,3613478821437 
614,400000000017 76,5273751663231 
614,600000000017 75,1572819216626 
614,800000000017 72,3476006436205 
615,000000000017 70,7536289515557 
615,200000000017 70,1793294713831 
615,400000000017 70,2719279449046 
615,600000000017 70,6596885727062 
615,800000000017 71,3089219158879 
616,000000000017 71,6684452704935 
616,200000000017 72,2273173500125 
616,400000000017 73,1715113304956 
616,600000000017 73,7900588802755 
616,800000000017 74,4285829157997 
617,000000000018 75,0516144263638 
617,200000000018 75,2332267588343 
617,400000000018 75,6331481332776 
617,600000000018 76,149959992689 
617,800000000018 76,7031331694177 
618,000000000018 77,3601450477094 
618,200000000018 77,3410894995439 
618,400000000018 77,1864592003913 
618,600000000018 76,5651476982293 
618,800000000018 74,660297856217 
619,000000000018 72,502755120134 
619,200000000018 72,2600582000174 
619,400000000018 71,8533326229659 
619,600000000018 71,6489766406125 
619,800000000018 72,3135195209958 
620,000000000018 72,7939916077043 
620,200000000018 73,5742282631654 
620,400000000018 73,9005683709713 
620,600000000018 74,3588304989263 
620,800000000018 74,6212377588573 
621,000000000018 75,2802906917799 
621,200000000018 75,8666824665747 
621,400000000019 75,8496808164199 
621,600000000019 76,0382341706716 
621,800000000019 76,3860353984393 
622,000000000019 76,6955106012012 
622,200000000019 76,8640579915032 
622,400000000019 77,347126670516 
622,600000000019 77,4121317502498 
622,800000000019 76,0818492647615 
623,000000000019 75,3526441438015 
623,200000000019 73,8218882673829 
623,400000000019 73,1226536492448 
623,600000000019 73,3307571381951 
623,800000000019 72,8854065260008 
624,000000000019 73,3784053871504 
624,200000000019 73,7649608653468 
624,400000000019 74,5560353197737 
624,600000000019 75,0552258451335 
624,800000000019 74,768897322157 
625,000000000019 75,6462449542194 
625,200000000019 76,3081477737771 
625,400000000019 76,4536834269543 
625,600000000019 76,7596787858917 
625,80000000002 76,8516364119134 
626,00000000002 77,0873847184217 
626,20000000002 77,616170656606 
626,40000000002 77,6975275465858 
626,60000000002 77,7133838845853 
626,80000000002 78,0644043879367 
627,00000000002 76,907862819151 
627,20000000002 75,8247571905305 
627,40000000002 75,5404245846595 
627,60000000002 75,2372384236865 
627,80000000002 74,9714802863224 
628,00000000002 75,0195682288289 
628,20000000002 75,1355186327038 
628,40000000002 75,4797584296703 
628,60000000002 75,4390638239702 
628,80000000002 75,7344665318216 
629,00000000002 76,1670877846536 
629,20000000002 76,1606751588143 
629,40000000002 76,4618002221878 
629,60000000002 76,9827059549456 
629,80000000002 77,1633205475385 
630,00000000002 77,4851225836397 
630,200000000021 77,6761704473764 
630,400000000021 77,7680331488528 
630,600000000021 78,023483174204 
630,800000000021 77,9137194768679 
631,000000000021 77,9268191533204 
631,200000000021 77,9567713911401 
631,400000000021 76,7489536414142 
631,600000000021 75,4516318114455 
631,800000000021 75,6612507189305 
632,000000000021 76,0670579373483 
632,200000000021 75,5118225378424 
632,400000000021 75,2279108336074 
632,600000000021 76,1856722538868 
632,800000000021 75,8814227951568 
633,000000000021 75,8491670362737 
633,200000000021 75,9196657558195 
633,400000000021 76,298105733532 
633,600000000021 77,2601312433708 
633,800000000021 77,635181555862 
634,000000000021 77,8031612741592 
634,200000000021 78,2919348027048 
634,400000000021 77,8484326322039 
634,600000000022 77,935613775801 
634,800000000022 78,5038363077724 
635,000000000022 78,2284922757509 
635,200000000022 78,2680105395513 
635,400000000022 77,8691736105886 
635,600000000022 78,2286889270785 
635,800000000022 77,8195811761332 
636,000000000022 76,331252744744 
636,200000000022 76,3746871391796 
636,400000000022 76,5509237765822 
636,600000000022 76,0565099596357 
636,800000000022 76,4494055416515 
637,000000000022 76,6439664980211 
637,200000000022 77,0300544252106 
637,400000000022 76,8712190201977 
637,600000000022 76,9731763351345 
637,800000000022 77,8985850649913 
638,000000000022 77,8156886979835 
638,200000000022 77,566284146679 
638,400000000022 78,2770539174593 
638,600000000022 77,9437133630339 
638,800000000022 77,8546125571674 
639,000000000023 78,4150990603951 
639,200000000023 78,6236543230786 
639,400000000023 78,1507353801225 
639,600000000023 78,8116553313932 
639,800000000023 78,5090379592511 
640,000000000023 78,1923912684015 
640,200000000023 78,0953393792157 
640,400000000023 77,624962385835 
640,600000000023 77,3292930202775 
640,800000000023 76,5219083689585 
641,000000000023 76,301598219986 
641,200000000023 76,739433037858 
641,400000000023 77,4145651199295 
641,600000000023 77,3450542711882 
641,800000000023 77,0499324111151 
642,000000000023 77,3194195571748 
642,200000000023 77,6882041659225 
642,400000000023 77,8966067494408 
642,600000000023 78,1421200974528 
642,800000000023 78,6034129951977 
643,000000000023 78,6873165672318 
643,200000000023 78,6310075665971 
643,400000000024 78,1586309518623 
643,600000000024 78,2548514928555 
643,800000000024 79,1536502744728 
644,000000000024 79,5547214342821 
644,200000000024 78,8743526906128 
644,400000000024 78,715066791701 
644,600000000024 78,3206135670107 
644,800000000024 77,5229148782 
645,000000000024 77,4707069673205 
645,200000000024 78,1853779658317 
645,400000000024 78,1384150509595 
645,600000000024 78,0597313871537 
645,800000000024 78,2764049522343 
646,000000000024 77,7457519449319 
646,200000000024 77,5772509880247 
646,400000000024 78,1696128736203 
646,600000000024 78,3410551026038 
646,800000000024 78,7505100710667 
647,000000000024 78,3521166651795 
647,200000000024 78,4703095879877 
647,400000000024 78,9844696398281 
647,600000000024 78,3266263478232 
647,800000000025 78,5336386188018 
648,000000000025 78,5160933387637 
648,200000000025 78,6349130062049 
648,400000000025 78,7199685898958 
648,600000000025 79,2225344192343 
648,800000000025 79,0048987355925 
649,000000000025 78,6043673891136 
649,200000000025 78,9003624266261 
649,400000000025 78,2427365322989 
649,600000000025 78,3030307855654 
649,800000000025 78,2255606108967 
650,000000000025 78,5894691016835 
650,200000000025 78,0104437107049 
650,400000000025 77,7350270884092 
650,600000000025 78,135058758916 
650,800000000025 78,171542140836 
651,000000000025 77,8552638917923 
651,200000000025 78,1069013328606 
651,400000000025 78,7225042116374 
651,600000000025 78,3827773213148 
651,800000000025 78,3592494539031 
652,000000000025 78,4343449973532 
652,200000000026 78,4224455941131 
652,400000000026 78,5361719456295 
652,600000000026 78,5174739297139 
652,800000000026 78,5731088429045 
653,000000000026 79,248003108493 
653,200000000026 78,731347993002 
653,400000000026 78,9187698217395 
653,600000000026 78,7299756355442 
653,800000000026 78,5643161367973 
654,000000000026 79,2259654662275 
654,200000000026 79,1713565046689 
654,400000000026 78,4715421312485 
654,600000000026 78,143205778208 
654,800000000026 78,2398453952893 
655,000000000026 78,3475240345299 
655,200000000026 78,6111632513948 
655,400000000026 78,4399871026231 
655,600000000026 78,5992763207147 
655,800000000026 78,4260466047633 
656,000000000026 78,7609906228884 
656,200000000026 79,1368163415197 
656,400000000026 78,5926881622214 
656,600000000027 78,5596436064408 
656,800000000027 78,4322224319912 
657,000000000027 78,6795837298594 
657,200000000027 78,7700141244055 
657,400000000027 78,6956785573669 
657,600000000027 79,1304615560269 
657,800000000027 78,8991342710053 
658,000000000027 78,7310604359811 
658,200000000027 78,7775645362242 
658,400000000027 78,7878106893974 
658,600000000027 78,8107037059274 
658,800000000027 78,6761624524392 
659,000000000027 78,4084710206999 
659,200000000027 78,4173661643778 
659,400000000027 78,5393225660234 
659,600000000027 78,8177835261434 
659,800000000027 79,0826891349909 
660,000000000027 78,7834138709926 
660,200000000027 78,4507996352124 
660,400000000027 78,1464900643751 
660,600000000027 78,4896458955483 
660,800000000027 78,44561689804 
661,000000000028 78,4256102751902 
661,200000000028 78,0724450984017 
661,400000000028 78,1268833896763 
661,600000000028 78,238743524994 
661,800000000028 78,8337039610857 
662,000000000028 78,9612215075776 
662,200000000028 78,8404148046146 
662,400000000028 79,1774851777739 
662,600000000028 78,9085394716597 
662,800000000028 79,3413108443578 
663,000000000028 78,7934513229062 
663,200000000028 79,331326787998 
663,400000000028 79,7646620131134 
663,600000000028 79,1674420840308 
663,800000000028 78,6773901263789 
664,000000000028 78,9895392112724 
664,200000000028 79,0147542493795 
664,400000000028 79,1717105827436 
664,600000000028 79,1325482691844 
664,800000000028 78,8158320759815 
665,000000000028 78,7979282436361 
665,200000000028 78,3882184333973 
665,400000000029 79,0151473093957 
665,600000000029 78,9333981136097 
665,800000000029 78,0370160552656 
666,000000000029 78,8686259206763 
666,200000000029 79,4789842450479 
666,400000000029 79,6591549528119 
666,600000000029 79,5197593826478 
666,800000000029 79,2641810887819 
667,000000000029 79,197752864579 
667,200000000029 78,7805287026509 
667,400000000029 78,9383299926596 
667,600000000029 79,4438095808365 
667,800000000029 79,4950691171274 
668,000000000029 79,3123223996075 
668,200000000029 79,1948810139677 
668,400000000029 79,2407430051475 
668,600000000029 78,6822877979335 
668,800000000029 78,0606518259732 
669,000000000029 78,7564136466425 
669,200000000029 79,0048853642325 
669,400000000029 78,7482471519209 
669,600000000029 78,3593492833079 
669,80000000003 78,952195327777 
670,00000000003 79,5897080029754 
670,20000000003 79,4366865655839 
670,40000000003 79,8842281100026 
670,60000000003 79,8550600906326 
670,80000000003 79,9287173005507 
671,00000000003 79,5186302590156 
671,20000000003 79,3254531520958 
671,40000000003 78,7698816131181 
671,60000000003 78,7917042991509 
671,80000000003 78,7070712841478 
672,00000000003 78,8197473868361 
672,20000000003 79,3442897699072 
672,40000000003 79,5674670520376 
672,60000000003 79,1588361934813 
672,80000000003 79,1141852556193 
673,00000000003 78,9015247406005 
673,20000000003 79,0482225032882 
673,40000000003 78,1778207594735 
673,60000000003 79,0238633482424 
673,80000000003 79,2358962782068 
674,00000000003 79,1901653038258 
674,200000000031 78,5825819273331 
674,400000000031 78,7333217272189 
674,600000000031 79,7233688513236 
674,800000000031 78,9817430282519 
675,000000000031 79,1191724022706 
675,200000000031 78,8574425686074 
675,400000000031 78,8765413338659 
675,600000000031 78,9947336867847 
675,800000000031 78,6239916250184 
676,000000000031 79,0277604209138 
676,200000000031 79,1362671152801 
676,400000000031 79,2333230600406 
676,600000000031 78,1244779840193 
676,800000000031 78,9178346562996 
677,000000000031 79,6040065936383 
677,200000000031 78,9415048265123 
677,400000000031 79,6105182200902 
677,600000000031 79,6526420443615 
677,800000000031 79,036875581143 
678,000000000031 79,0000830504512 
678,200000000031 78,554408962515 
678,400000000031 79,3330609694394 
678,600000000032 79,7848510914251 
678,800000000032 79,443849574175 
679,000000000032 79,8002541795405 
679,200000000032 79,3765799101465 
679,400000000032 79,942049985174 
679,600000000032 79,3294081258416 
679,800000000032 79,4839774254416 
680,000000000032 79,6133360424363 
680,200000000032 79,6280509837095 
680,400000000032 79,3558783508616 
680,600000000032 79,5569219453025 
680,800000000032 79,1103325127179 
681,000000000032 79,5528651632169 
681,200000000032 79,1074225221978 
681,400000000032 78,7582769708184 
681,600000000032 78,9877432770774 
681,800000000032 79,3949678531177 
682,000000000032 79,5028268900317 
682,200000000032 79,5409901876769 
682,400000000032 79,2220089184463 
682,600000000032 79,7263829953063 
682,800000000032 79,1391517165124 
683,000000000033 79,0233448307701 
683,200000000033 79,7576789168569 
683,400000000033 79,0484987870543 
683,600000000033 79,6188961105294 
683,800000000033 80,6916857582406 
684,000000000033 78,9984165766311 
684,200000000033 79,4750810420369 
684,400000000033 79,4792112184818 
684,600000000033 79,445914447123 
684,800000000033 78,5803797432446 
685,000000000033 79,5226090384253 
685,200000000033 79,3770751745274 
685,400000000033 79,7003760322513 
685,600000000033 78,6258716772729 
685,800000000033 80,0639716524862 
686,000000000033 79,2614738499901 
686,200000000033 79,8396357326664 
686,400000000033 79,5896840546881 
686,600000000033 79,3656013605349 
686,800000000033 80,1956481604583 
687,000000000033 79,2394285620635 
687,200000000033 79,6859025288225 
687,400000000034 79,9395823022982 
687,600000000034 79,1000771451762 
687,800000000034 79,4433783321554 
688,000000000034 80,0288313508702 
688,200000000034 79,3908668092527 
688,400000000034 78,844743625935 
688,600000000034 79,5168394040959 
688,800000000034 80,3418197074138 
689,000000000034 80,2005842133882 
689,200000000034 79,1603123964042 
689,400000000034 78,5677331802297 
689,600000000034 78,4930113850978 
689,800000000034 79,2154780539001 
690,000000000034 80,8935147148772 
690,200000000034 80,7230096105617 
690,400000000034 80,644253281263 
690,600000000034 79,6255216257732 
690,800000000034 78,8209131521648 
691,000000000034 79,6099072305785 
691,200000000034 79,9224790635842 
691,400000000034 79,5313565237075 
691,600000000034 79,5864498978311 
691,800000000035 80,096573694142 
692,000000000035 79,6366508043116 
692,200000000035 79,9027005179911 
692,400000000035 79,7559974253812 
692,600000000035 79,1548463915583 
692,800000000035 80,2736113083589 
693,000000000035 79,6869504246208 
693,200000000035 79,0613932302739 
693,400000000035 79,3527508868581 
693,600000000035 80,6365885064087 
693,800000000035 79,6395298958982 
694,000000000035 79,3253521163712 
694,200000000035 79,4098499754717 
694,400000000035 79,5500894665256 
694,600000000035 79,5064915720307 
694,800000000035 80,1019219048525 
695,000000000035 81,2449115158899 
695,200000000035 80,1287065681608 
695,400000000035 78,9029822084179 
695,600000000035 79,9088488064278 
695,800000000035 79,86407887687 
696,000000000035 78,6132829825103 
696,200000000036 79,6475347307063 
696,400000000036 79,7686662219788 
696,600000000036 79,5275141968844 
696,800000000036 80,1831020879933 
697,000000000036 79,6678916029146 
697,200000000036 79,8728071316861 
697,400000000036 79,2192311712061 
697,600000000036 80,0601275083889 
697,800000000036 80,2307674159673 
698,000000000036 79,082701313318 
698,200000000036 80,5484869127481 
698,400000000036 79,7471699152611 
698,600000000036 79,3770007120339 
698,800000000036 79,7719540505713 
699,000000000036 79,7682707420629 
699,200000000036 78,7894570746934 
699,400000000036 79,2515192075842 
699,600000000036 80,4053096186675 
699,800000000036 79,6209292338706 
